553001291
553001145
Queue is Empty
Queue is Empty
Queue is Empty
Queue is Empty
553002009
Queue is Empty
Queue is Empty
Queue is Empty
552998654
553006278
553006687
553006687
553005905
Queue is Empty
Queue is Empty
Queue is Empty
Queue is Empty
Queue is Empty
Queue is Empty
553003645
553003645
553004955
553006423
552999866
Queue is Empty
553006248
553005179
Queue is Empty
Queue is Empty
Queue is Empty
552999195
552999663
553006555
553006555
553006555
553000159
553006555
553006555
553006055
553008163
553008163
553008163
553008163
553008163
553008163
553008163
553008163
553008163
553008163
553008163
553008370
553008370
553008370
553000592
553001485
553008370
553008370
553008370
553008370
553008370
553000680
553003807
553008370
553008370
553008370
553008370
553008370
553000089
553008370
553001741
553001904
553007888
553008370
553008370
553008370
553008163
553007488
553008370
553008370
553008370
553008370
553008370
553004092
553008370
553008370
553008370
553008370
553008370
553002101
553008370
553003136
553008370
552998483
553008370
553008370
553003893
553008370
553004859
553008370
553001286
553008370
552999163
553008370
553008370
553008370
553001864
552999466
553008370
553002430
553008370
552998487
553008370
553003717
553008370
552999931
553008370
553008370
553008370
553005422
553003294
553003752
553004011
553008370
553001494
553008370
553004414
553008370
553008370
553008370
553008370
553006584
553008370
553001040
553008370
553008370
553008370
552999091
553008370
553008353
553006119
Queue is Full
553008353
Queue is Full
553008353
552998658
553008353
553008353
552999536
553008353
553007999
553008353
552999290
553008353
553003363
553008353
553008232
553007873
553008353
553003481
553008353
Queue is Full
553000714
553008353
553008353
553003795
553008353
553008353
552998752
553008353
Queue is Full
553008353
552998600
553008246
553008353
553008353
553008315
553008315
552999004
Queue is Full
553006785
552999465
Queue is Full
553008315
552999713
553002925
553003647
553001498
553008315
553008315
553008315
Queue is Full
553007193
553008315
553008315
553004788
552999582
553003344
553008315
553008315
553008315
553008315
553008152
553008315
553008315
553001768
553008315
553005243
553008315
553000783
553008315
553000352
553008315
553008315
553005764
553008315
553008027
553008315
Queue is Full
553004322
553008315
553008315
553007175
553008315
553008315
553008315
Queue is Full
553008315
552998683
553008315
553005581
553004912
553008315
553008315
552999156
552998879
553008315
553008315
552998564
553008315
Queue is Full
552999418
Queue is Full
553008315
553007098
553008315
553006897
553008315
553005528
553008315
553004087
553002901
553008315
553008315
553000760
553008315
553008315
552998844
553008315
553008086
553004455
553008107
553008315
553002943
552999274
553008315
553008315
553006741
553008315
Queue is Full
553004141
553003454
553008315
553004489
553004377
553008315
553004976
553008315
553008315
553002488
553004403
553008315
553008315
553002733
553008315
553008315
553007326
553008315
553005917
552999332
552995823
553008315
553007345
553008315
553008315
552997890
553008315
553008315
552998119
553008315
552989941
553008315
553007548
553005944
553008315
552997440
553008315
Queue is Full
Queue is Full
553007236
553008315
552994870
553004625
553000070
552989651
553008315
553008315
553008315
553008315
553008269
553007752
553008269
553008269
553008269
Queue is Full
553003441
552992901
553008269
553000490
553008269
553008269
552999969
553008269
553008269
Queue is Full
552993601
553008269
552997336
553001284
553005726
553008024
553007525
553008269
553004497
553008269
553008260
553007500
553008260
552996458
552990032
553005567
553008293
552988936
553008293
553008293
553006329
553001441
553008293
553008293
552991551
553008293
552993116
553002250
553001461
553008293
553008293
552996978
553008293
553008182
553008293
553008260
553008293
553008293
553008293
552994561
553008293
553002340
553008293
552995079
553008293
552999449
553008293
553008185
553008293
553008293
552994001
553008293
Queue is Full
553007042
552989901
553002575
553002702
553008293
553008293
552991571
553008293
553008293
553008293
552990138
552995744
553008293
Queue is Full
553003274
553008293
553008293
552995189
553008293
553005776
553008293
553003530
552992281
553008293
553008293
552990180
553008293
553002400
553007489
553008293
552996495
553008293
553008293
552996498
553008293
553008293
Queue is Full
553008293
553006435
553006828
553008293
552989956
553008293
552989579
553008293
553003910
553008293
553007866
553008293
553008293
552991900
553008293
553006447
552995099
553008293
553000704
553008293
553000552
553001255
553008293
553008293
553007820
553008293
553006289
553008293
552995471
552995864
553008293
553008293
552989364
553008293
553006263
553004353
553008293
Queue is Full
553008293
553004135
553008293
552989395
553008293
553001993
553008293
553008293
553005500
553008293
553005684
553008293
553004413
553008293
553008293
552997211
553008293
553000148
553006977
552990612
552996347
553002938
553008293
552996942
553008293
553008293
552993832
553008293
552991031
552997496
553008293
553008293
552994728
553001385
553008293
553008293
552995479
553008293
553008293
552993954
553008293
Queue is Full
553008293
553001687
553008293
553008293
553007654
553007243
553008293
553008293
553002029
553008293
553008293
552991701
553008293
553006831
553008293
Queue is Full
552991214
553008293
552995569
553008293
552991950
553008293
553008293
553003181
553008293
553008293
552996232
553008293
552995596
553008293
553008293
552993261
553008293
553005399
553008293
553002473
553008293
552996083
553008293
552998278
553008293
553008293
553002181
553008293
553008293
553007821
553008293
553008293
Queue is Full
553005249
553008293
553003348
553008293
553001964
553008293
553008293
553001469
553008293
552991670
553008293
553008293
552995240
552994841
553007890
553007890
552996371
553007890
552994079
553008131
553005196
553008131
552996680
553008131
553003253
553008131
552997608
553008131
553008131
553008131
553005417
553005538
552994879
553008131
553008131
553008131
553007478
553008131
553008131
552992457
553008131
553008131
553008131
552995632
553007890
553008131
553008131
552996824
553008131
553008131
552995309
552989209
553008131
553008131
553000153
553004843
553002447
553008131
552992925
553008131
552995252
553008131
553008131
553008131
553001645
553008131
553008131
553008131
552988438
553008131
553008145
552994495
553008145
553002580
553008145
552995119
553008145
552998472
552993261
553008145
553008145
553003079
553008145
553008145
552989333
553008145
552989074
553008145
552989318
553008145
553008145
553003191
553008145
553005434
553008145
552994969
553008145
Queue is Full
553008145
552994386 553001064 553003240 552995070 553002159 553000109 553005493 552993196 552996316 553001650 552988695 552993903 553004633 552994609 552990689 553001698 552994971 552999480 552990708 553003044 553004383 552997203 552998837 552991322 552997665 552991646 552992112 553004804 552988540 552997116 553007516 552988778 552994381 553004910 552995673 553006087 553006132 552998111 552997651 552999518 552998287 552990657 552997225 553004157 552998838 552997942 552989985 553005154 552998357 552998380 552992090 552989693 552990727 552998108 552990289 552995257 552996065 553002225 553000936 553005636 552996696 553005336 552991340 552989068 552995234 553008131 553006839 552988714 553003149 552991684 552998107 552992118 552992596 552994958 552994112 553003462 552996097 552999156 553001409 552996532 552995288 553006706 552989173 553000330 553001639 553007340 553007273 553008145 553007166 552993397 553002463 553004011 553007540 552990675 552990638 552996692 552992300 553001777 553002431 552997919
