940401526
Queue is Empty
Queue is Empty
Queue is Empty
Queue is Empty
940403519
Queue is Empty
Queue is Empty
Queue is Empty
Queue is Empty
Queue is Empty
940399655
Queue is Empty
Queue is Empty
Queue is Empty
940403362
940403362
940406115
940399167
940397713
940404791
Queue is Empty
Queue is Empty
Queue is Empty
Queue is Empty
Queue is Empty
Queue is Empty
Queue is Empty
Queue is Empty
Queue is Empty
Queue is Empty
Queue is Empty
Queue is Empty
Queue is Empty
940407416
940407414
940407416
940405874
940405992
940402603
940406368
940406368
940406368
940406368
940406368
940402327
940405992
940406368
940406368
940398904
940406368
940406368
940404500
940407396
940407396
940407396
940407396
940407396
940407396
940405010
940407396
940404170
940407396
940407396
940407396
940407396
940407396
940407396
940404104
940398081
940405484
940407396
940407396
940407396
940407396
940407396
940397437
940407396
940406368
940407396
940407396
940401035
940401022
940407396
940406086
940405028
940407396
940407396
940407396
940405427
940407396
940407396
940400382
940398371
940407396
940407396
940407396
940406029
940407396
940399166
940407396
940401478
940407396
940403633
940407396
940407396
940405401
940397892
940407396
940407396
940405991
940407396
940405367
940406189
940401664
940407396
940404200
940400912
940407396
Queue is Full
940407396
940400092
940407396
940407396
940407396
940407155
940400496
940402862
940403770
940407155
940407155
940400499
940398596
940402876
940407155
940407155
940401100
940402189
940407155
940404840
940400261
940407155
940400856
940407155
940407155
940399051
940407155
940399290
940400923
940407155
940407155
940402338
940407155
940402934
940407155
940399346
940407155
940406510
940406844
940407155
Queue is Full
940407155
940407155
940400203
940407155
940407155
940407155
940407155
940407155
940407155
940397539
940407155
940407155
940400113
940407155
Queue is Full
940400320
940402116
940407155
940407155
940398148
940407155
Queue is Full
940407155
940403044
940407155
940398046
940407155
940407155
940399262
940401810
940407155
940407155
940407155
940404692
940407155
940400826
940407155
940398147
940407155
940397763
940403949
940407155
Queue is Full
940407155
940403454
940401312
940407155
940407155
940407155
940401160
940398467
940407155
940402515
940406912
940407155
940401625
940407155
940403449
940407155
940407155
940401413
940407155
940407155
940404905
940407155
940400645
940407105
940407155
940407057
940397686
940404901
940407057
940407057
Queue is Full
940407057
Queue is Full
940404563
940403844
940407057
940400326
940407057
940406178
940407057
940401507
940407057
Queue is Full
940399908
940400626
940407057
940407057
940397830
940407057
940403397
940407057
940407057
940400651
940407057
940399304
940407057
940407057
940407057
940407057
940406716
940406325
940404627
940407057
940398675
940407057
940407057
940404291
940407057
940402738
940403966
940407057
940399415
940407057
940407057
Queue is Full
940407057
940399308
Queue is Full
940407057
940407057
Queue is Full
Queue is Full
940407057
940401597
940405419
940407057
940407057
940403737
940407057
940404303
940402036
940407057
940404679
940407057
940400605
940399876
940407057
940407057
940397348
940407057
940407057
940398209
940407057
940406164
Queue is Full
940407057
940404419
940407057
940402245
940407135
940395672
940407135
940407135
940407135
940388166
940398216
940407135
940407135
940397544
940407135
940390843
940407057
940406479
940407135
940407135
940402805
940407135
940398052
940407135
940405819
940407135
940407135
940407135
940388449
940407135
940405494
940407135
940403511
940406859
940393461
940407135
940407135
940407135
940407135
940403733
940407135
Queue is Full
940407135
940396544
940407135
940407135
940407135
940401657
940407135
940393787
940407135
940406271
940407135
940394585
940407135
940396426
940407135
940394183
940407135
940396721
940393986
940392451
940407135
940398556
940407135
940407135
940407135
940407135
940404175
940407135
940407135
940407135
940400749
940407135
940397485
940407135
940399741
940392414
940407135
940402000
940407135
940402257
940407135
940406507
940396667
940407135
940407135
940396494
940403077
940407135
940406921
940400985
940407135
940390051
940407135
940398691
940407135
940407135
940403596
940391774
940407135
940407135
940387466
Queue is Full
940407135
940395113
940407135
940395201
940407135
940387425
940407135
940392109
940407135
940407135
940397825
940407135
940407135
Queue is Full
940394799
940404632
940407135
940406522
940407135
Queue is Full
940407135
940405402
940407135
940400339
940407135
940407135
940400621
940407135
940407135
Queue is Full
940406090
940407135
940407135
Queue is Full
940407135
940394659
940407135
940401706
940397542
940407135
940397283
940407135
940407135
940400486
940407135
940400178
940407135
940407135
Queue is Full
940392778
940405864
940407135
940407135
940394481
940397146
940407135
940395715
940403082
940390470
940407135
940404111
940407135
940405787
940407135
940388947
940407135
940407135
940407135
940396672
940407135
940394998
940407344
940407344
940391835
940407344
940400093
940397982
940407344
940404688
940407344
940396349
940407344
940397848
940407344
940400297
940407344
940407344
Queue is Full
Queue is Full
940398852
940407344
940407344
940392061
940398280
940407344
940389882
940407344
940407344
940396865
940407344
940407344
940404049
940407344
940391503
940407344
940402988
940407344
940399304
940405828
940407344
940388323
940405052
940389432
940407344
940389174
940390190
940407344
940407135
940407344
940407344
940407344
940405409
940397979
940393207
940407344
Queue is Full
940401056
940407344
940407344
940407344
940393132
940407344
940402571
940407344
940391193
940407344
940407344
Queue is Full
940407344
940389425
940395000
940407344
940388038
940407344
940396791
940407344
940407344
940391212
940397017
940392378
940407344
940395439
940395860
940407344
940407344
940390100
940407344
940407344
940393718
940407344
940407344
Queue is Full
940407344
940406797
940407344
940407344
940401045
940405583
940407344
940400575
940407344
940392987
940405289
940407344
940389897
940394265
940407344
940407344
940407344
940394538
940388233
940407344
940397055
940407344
940397792
940407344
940394786
940407344
940397740
940407344
940390025
940407344
940407344
940389686
Queue is Full
940407344
Queue is Full
940407344
940401579
940388141
940407344
940398817
940388066
940403067
940392867
940407351
940407351
940407351
940389846
940407351
Queue is Full
940407351
940394407
940407351
940389687
940407351
940396305
940407351
940395899
940399213
940404164
940407351
940407351
940391043
940394739
940393169
940407351
940400008
940407351
940407351
940406991
940407351
940403431
940407351
940407351
940391940
940407351
940407351
Queue is Full
940407351
940400778
940407351
940407351
940393279
940407351
940404729
940396903
940407351
940407351
940395899
940407351
940402558
940392094
940407351
940407351
940394745
940398344
940395509
940407351
940407351
940404564
940407351
940407351
940394351
940389514
940407351
940395601
940394352 940391213 940404873 940393389 940396301 940401797 940407344 940390602 940405999 940394968 940402587 940398200 940395005 940390635 940400650 940405223 940395555 940404801 940389341 940395923 940402507 940401025 940397785 940401360 940401447 940389985 940402714 940390484 940391463 940406847 940399484 940387691 940392293 940392706 940390489 940393129 940406176 940394301 940395826 940400818 940407190 940390336 940407050 940406629 940388233 940404994 940405185 940400398 940398049 940402962 940396288 940389028 940388463 940394332 940407198 940397690 940403791 940396108 940401026 940395791 940399138 940388445 940393949 940390168 940404472 940388519 940388877 940407351 940401276 940396708 940394927 940394384 940398706 940402781 940398710 940394189 940398817 940390370 940405720 940401487 940395234 940405308 940403132 940394235 940393442 940395330 940390770 940397984 940404195 940401405 940398805 940404938 940404276 940402607 940406533 940388863 940402551 940403375 940394339 940394339
