排名  考号      姓名          总分  语文  数学  英语
----------------------------------------------------------
1     S0795     学生795       432   150   150   132   
2     S0198     学生198       427   148   150   129   
3     S0528     学生528       421   144   139   138   
4     S0428     学生428       416   150   116   150   
5     S0895     学生895       415   115   150   150   
6     S0765     学生765       412   140   150   122   
7     S0430     学生430       409   150   110   149   
8     S0227     学生227       408   150   150   108   
9     S0831     学生831       406   126   150   130   
10    S0169     学生169       406   121   143   142   
11    S0653     学生653       405   129   131   145   
12    S0713     学生713       403   138   119   146   
13    S0058     学生58        403   127   126   150   
14    S0882     学生882       402   124   132   146   
15    S0043     学生43        401   130   138   133   
16    S0617     学生617       400   150   150   100   
17    S0173     学生173       400   150   104   146   
18    S0374     学生374       398   147   132   119   
19    S0945     学生945       398   115   135   148   
20    S0293     学生293       397   136   128   133   
21    S0906     学生906       397   136   125   136   
22    S0061     学生61        397   132   145   120   
23    S0333     学生333       397   125   137   135   
24    S0361     学生361       396   145   124   127   
25    S0202     学生202       396   130   130   136   
26    S0746     学生746       396   125   137   134   
27    S0279     学生279       396   122   124   150   
28    S0255     学生255       395   132   145   118   
29    S0518     学生518       395   126   126   143   
30    S0809     学生809       394   128   123   143   
31    S0591     学生591       394   121   135   138   
32    S0740     学生740       393   149   111   133   
33    S0981     学生981       391   149   146   96    
34    S0237     学生237       391   95    147   149   
35    S0245     学生245       390   130   126   134   
36    S0393     学生393       390   123   125   142   
37    S0266     学生266       389   130   141   118   
38    S0012     学生12        389   126   144   119   
39    S0213     学生213       389   124   118   147   
40    S0420     学生420       389   123   116   150   
41    S0751     学生751       388   135   116   137   
42    S0002     学生2         388   130   140   118   
43    S0646     学生646       388   120   125   143   
44    S0290     学生290       388   105   145   138   
45    S0961     学生961       387   144   102   141   
46    S0032     学生32        386   150   86    150   
47    S0952     学生952       386   143   107   136   
48    S0998     学生998       386   131   110   145   
49    S0503     学生503       386   125   146   115   
50    S0883     学生883       385   144   112   129   
51    S0832     学生832       384   117   147   120   
52    S0816     学生816       384   107   150   127   
53    S0224     学生224       384   103   148   133   
54    S0968     学生968       384   103   143   138   
55    S0618     学生618       383   140   150   93    
56    S0815     学生815       383   117   134   132   
57    S0538     学生538       383   107   143   133   
58    S0630     学生630       383   100   149   134   
59    S0404     学生404       382   149   130   103   
60    S0547     学生547       382   97    141   144   
61    S0699     学生699       381   150   81    150   
62    S0400     学生400       381   145   126   110   
63    S0814     学生814       381   139   113   129   
64    S0542     学生542       381   125   122   134   
65    S0085     学生85        380   137   137   106   
66    S0042     学生42        380   136   136   108   
67    S0993     学生993       380   136   108   136   
68    S0118     学生118       380   134   96    150   
69    S0719     学生719       380   123   119   138   
70    S0622     学生622       380   97    142   141   
71    S0593     学生593       379   150   128   101   
72    S0015     学生15        379   123   117   139   
73    S0633     学生633       379   105   124   150   
74    S0146     学生146       378   150   118   110   
75    S0598     学生598       378   140   133   105   
76    S0001     学生1         378   129   138   111   
77    S0896     学生896       378   128   105   145   
78    S0555     学生555       378   115   124   139   
79    S0806     学生806       378   105   150   123   
80    S0965     学生965       378   105   139   134   
81    S0382     学生382       378   103   132   143   
82    S0923     学生923       377   139   130   108   
83    S0689     学生689       377   127   119   131   
84    S0898     学生898       377   124   122   131   
85    S0670     学生670       377   122   135   120   
86    S0437     学生437       377   117   144   116   
87    S0553     学生553       377   108   119   150   
88    S0540     学生540       376   150   150   76    
89    S0337     学生337       376   135   113   128   
90    S0712     学生712       376   133   129   114   
91    S0065     学生65        375   150   86    139   
92    S0190     学生190       375   142   96    137   
93    S0007     学生7         375   133   123   119   
94    S0069     学生69        375   120   132   123   
95    S0592     学生592       374   142   117   115   
96    S0958     学生958       374   134   90    150   
97    S0514     学生514       374   128   127   119   
98    S0176     学生176       374   125   142   107   
99    S0473     学生473       374   124   123   127   
100   S0954     学生954       374   110   142   122   
101   S0051     学生51        373   145   114   114   
102   S0729     学生729       373   141   124   108   
103   S0175     学生175       373   134   103   136   
104   S0507     学生507       373   121   130   122   
105   S0944     学生944       373   114   123   136   
106   S0059     学生59        373   112   150   111   
107   S0739     学生739       373   102   141   130   
108   S0999     学生999       372   134   118   120   
109   S0195     学生195       372   134   101   137   
110   S0914     学生914       372   133   126   113   
111   S0737     学生737       372   122   122   128   
112   S0149     学生149       372   121   121   130   
113   S0004     学生4         372   115   135   122   
114   S0345     学生345       372   105   150   117   
115   S0185     学生185       372   104   134   134   
116   S0994     学生994       371   150   95    126   
117   S0851     学生851       371   132   99    140   
118   S0280     学生280       371   128   131   112   
119   S0232     学生232       371   126   95    150   
120   S0388     学生388       371   120   120   131   
121   S0905     学生905       370   140   116   114   
122   S0527     学生527       370   136   108   126   
123   S0212     学生212       370   125   128   117   
124   S0701     学生701       370   106   122   142   
125   S0922     学生922       369   136   124   109   
126   S0971     学生971       369   133   114   122   
127   S0102     学生102       369   118   137   114   
128   S0413     学生413       369   117   103   149   
129   S0128     学生128       369   115   150   104   
130   S0873     学生873       369   114   120   135   
131   S0964     学生964       369   113   146   110   
132   S0716     学生716       369   98    138   133   
133   S0251     学生251       368   150   103   115   
134   S0792     学生792       368   122   121   125   
135   S0457     学生457       368   110   136   122   
136   S0824     学生824       367   132   103   132   
137   S0286     学生286       367   125   128   114   
138   S0576     学生576       367   112   127   128   
139   S0194     学生194       367   104   137   126   
140   S0256     学生256       367   96    123   148   
141   S0003     学生3         367   89    150   128   
142   S0604     学生604       366   149   105   112   
143   S0056     学生56        366   136   110   120   
144   S0907     学生907       366   130   130   106   
145   S0800     学生800       366   129   126   111   
146   S0859     学生859       366   119   138   109   
147   S0992     学生992       365   149   125   91    
148   S0590     学生590       365   144   93    128   
149   S0835     学生835       365   142   125   98    
150   S0445     学生445       365   134   91    140   
151   S0550     学生550       365   121   141   103   
152   S0327     学生327       365   121   121   123   
153   S0385     学生385       365   120   117   128   
154   S0371     学生371       365   117   115   133   
155   S0845     学生845       365   104   145   116   
156   S0558     学生558       364   150   105   109   
157   S0866     学生866       364   141   102   121   
158   S0600     学生600       364   139   112   113   
159   S0123     学生123       364   138   113   113   
160   S0595     学生595       364   131   119   114   
161   S0439     学生439       364   125   113   126   
162   S0050     学生50        364   122   149   93    
163   S0070     学生70        364   120   144   100   
164   S0143     学生143       364   111   149   104   
165   S0551     学生551       364   105   126   133   
166   S0475     学生475       364   85    131   148   
167   S0730     学生730       363   132   125   106   
168   S0858     学生858       363   124   135   104   
169   S0836     学生836       363   124   106   133   
170   S0769     学生769       363   111   108   144   
171   S0230     学生230       362   141   95    126   
172   S0367     学生367       362   120   115   127   
173   S0466     学生466       362   116   124   122   
174   S0329     学生329       361   125   129   107   
175   S0603     学生603       361   124   119   118   
176   S0707     学生707       361   122   150   89    
177   S0652     学生652       361   108   104   149   
178   S0505     学生505       361   87    129   145   
179   S0583     学生583       360   141   127   92    
180   S0643     学生643       360   129   81    150   
181   S0747     学生747       360   127   123   110   
182   S0688     学生688       360   126   97    137   
183   S0798     学生798       360   118   133   109   
184   S0533     学生533       360   114   128   118   
185   S0180     学生180       360   113   118   129   
186   S0810     学生810       360   112   107   141   
187   S0288     学生288       360   109   128   123   
188   S0500     学生500       360   81    150   129   
189   S0692     学生692       360   76    134   150   
190   S0991     学生991       359   150   117   92    
191   S0020     学生20        359   139   131   89    
192   S0164     学生164       359   119   122   118   
193   S0121     学生121       359   118   118   123   
194   S0138     学生138       359   114   130   115   
195   S0927     学生927       359   114   111   134   
196   S0150     学生150       359   108   105   146   
197   S0163     学生163       358   150   98    110   
198   S0880     学生880       358   134   111   113   
199   S0203     学生203       358   117   102   139   
200   S0930     学生930       358   116   128   114   
201   S0247     学生247       358   115   144   99    
202   S0411     学生411       358   113   128   117   
203   S0891     学生891       358   99    146   113   
204   S0153     学生153       358   96    127   135   
205   S0055     学生55        357   150   95    112   
206   S0313     学生313       357   142   97    118   
207   S0197     学生197       357   138   113   106   
208   S0253     学生253       357   132   125   100   
209   S0850     学生850       357   125   133   99    
210   S0027     学生27        357   118   132   107   
211   S0346     学生346       357   118   124   115   
212   S0171     学生171       357   118   105   134   
213   S0363     学生363       357   116   130   111   
214   S0154     学生154       357   116   107   134   
215   S0148     学生148       357   106   116   135   
216   S0639     学生639       356   148   102   106   
217   S0088     学生88        356   128   96    132   
218   S0706     学生706       356   127   105   124   
219   S0281     学生281       356   123   111   122   
220   S0763     学生763       356   122   125   109   
221   S0220     学生220       356   120   122   114   
222   S0753     学生753       356   119   119   118   
223   S0135     学生135       356   116   129   111   
224   S0201     学生201       356   115   121   120   
225   S0418     学生418       356   109   126   121   
226   S0136     学生136       356   102   131   123   
227   S0421     学生421       356   88    122   146   
228   S0772     学生772       356   87    137   132   
229   S0980     学生980       355   147   134   74    
230   S0736     学生736       355   137   104   114   
231   S0362     学生362       355   107   116   132   
232   S0820     学生820       355   104   109   142   
233   S0926     学生926       355   93    138   124   
234   S0621     学生621       355   84    121   150   
235   S0035     学生35        355   79    150   126   
236   S0515     学生515       354   125   133   96    
237   S0026     学生26        354   125   116   113   
238   S0073     学生73        354   124   115   115   
239   S0376     学生376       354   122   115   117   
240   S0532     学生532       354   118   111   125   
241   S0818     学生818       354   117   126   111   
242   S0695     学生695       354   117   117   120   
243   S0770     学生770       354   115   108   131   
244   S0249     学生249       354   111   131   112   
245   S0581     学生581       354   110   142   102   
246   S0755     学生755       354   101   103   150   
247   S0842     学生842       354   88    116   150   
248   S0094     学生94        353   128   117   108   
249   S0987     学生987       353   113   123   117   
250   S0434     学生434       353   112   105   136   
251   S0340     学生340       353   112   104   137   
252   S0378     学生378       353   109   94    150   
253   S0140     学生140       353   99    118   136   
254   S0776     学生776       353   96    117   140   
255   S0805     学生805       353   90    130   133   
256   S0415     学生415       353   87    148   118   
257   S0955     学生955       353   84    145   124   
258   S0265     学生265       353   79    131   143   
259   S0240     学生240       352   137   147   68    
260   S0343     学生343       352   123   121   108   
261   S0743     学生743       352   121   125   106   
262   S0641     学生641       352   115   127   110   
263   S0577     学生577       352   111   122   119   
264   S0698     学生698       352   109   110   133   
265   S0696     学生696       351   146   77    128   
266   S0710     学生710       351   143   97    111   
267   S0006     学生6         351   141   98    112   
268   S0019     学生19        351   129   113   109   
269   S0125     学生125       351   123   150   78    
270   S0821     学生821       351   113   139   99    
271   S0563     学生563       351   108   103   140   
272   S0506     学生506       351   107   123   121   
273   S0189     学生189       351   97    119   135   
274   S0116     学生116       351   94    130   127   
275   S0330     学生330       351   87    137   127   
276   S0359     学生359       350   141   109   100   
277   S0157     学生157       350   137   87    126   
278   S0879     学生879       350   131   129   90    
279   S0562     学生562       350   130   103   117   
280   S0584     学生584       350   126   114   110   
281   S0878     学生878       350   122   145   83    
282   S0492     学生492       350   122   110   118   
283   S0543     学生543       350   121   117   112   
284   S0502     学生502       350   116   112   122   
285   S0130     学生130       349   147   127   75    
286   S0537     学生537       349   138   94    117   
287   S0975     学生975       349   137   105   107   
288   S0786     学生786       349   131   104   114   
289   S0250     学生250       349   127   116   106   
290   S0587     学生587       349   124   119   106   
291   S0438     学生438       349   122   120   107   
292   S0165     学生165       349   121   143   85    
293   S0659     学生659       349   116   105   128   
294   S0317     学生317       349   105   150   94    
295   S1000     学生1000      349   89    150   110   
296   S0210     学生210       348   147   122   79    
297   S0396     学生396       348   129   114   105   
298   S0427     学生427       348   129   112   107   
299   S0472     学生472       348   108   118   122   
300   S0308     学生308       348   106   136   106   
301   S0951     学生951       348   100   130   118   
302   S0086     学生86        347   132   97    118   
303   S0052     学生52        347   129   117   101   
304   S0098     学生98        347   127   103   117   
305   S0703     学生703       347   126   92    129   
306   S0605     学生605       347   125   100   122   
307   S0865     学生865       347   124   115   108   
308   S0205     学生205       347   120   92    135   
309   S0915     学生915       347   117   97    133   
310   S0529     学生529       347   115   109   123   
311   S0519     学生519       347   115   104   128   
312   S0569     学生569       347   114   115   118   
313   S0920     学生920       347   112   94    141   
314   S0864     学生864       347   106   135   106   
315   S0833     学生833       347   103   120   124   
316   S0465     学生465       347   92    136   119   
317   S0341     学生341       347   91    124   132   
318   S0875     学生875       346   143   87    116   
319   S0278     学生278       346   131   110   105   
320   S0825     学生825       346   130   73    143   
321   S0487     学生487       346   126   116   104   
322   S0152     学生152       346   117   115   114   
323   S0147     学生147       346   117   88    141   
324   S0962     学生962       346   116   127   103   
325   S0105     学生105       346   116   111   119   
326   S0269     学生269       346   114   89    143   
327   S0304     学生304       346   113   114   119   
328   S0013     学生13        346   103   120   123   
329   S0597     学生597       346   90    135   121   
330   S0564     学生564       345   149   87    109   
331   S0482     学生482       345   142   105   98    
332   S0107     学生107       345   137   119   89    
333   S0305     学生305       345   133   106   106   
334   S0628     学生628       345   133   104   108   
335   S0335     学生335       345   132   115   98    
336   S0372     学生372       345   131   98    116   
337   S0901     学生901       345   123   115   107   
338   S0229     学生229       345   122   97    126   
339   S0179     学生179       345   114   106   125   
340   S0470     学生470       345   112   122   111   
341   S0647     学生647       345   111   87    147   
342   S0525     学生525       345   106   111   128   
343   S0384     学生384       345   103   128   114   
344   S0030     学生30        345   101   139   105   
345   S0897     学生897       345   97    114   134   
346   S0320     学生320       345   88    139   118   
347   S0113     学生113       344   139   129   76    
348   S0788     学生788       344   127   132   85    
349   S0847     学生847       344   120   120   104   
350   S0300     学生300       344   116   133   95    
351   S0644     学生644       344   116   125   103   
352   S0429     学生429       344   115   105   124   
353   S0894     学生894       344   110   106   128   
354   S0426     学生426       344   105   100   139   
355   S0291     学生291       344   98    129   117   
356   S0354     学生354       344   97    125   122   
357   S0018     学生18        344   96    150   98    
358   S0440     学生440       344   91    131   122   
359   S0348     学生348       344   88    123   133   
360   S0784     学生784       343   147   86    110   
361   S0797     学生797       343   137   100   106   
362   S0557     学生557       343   122   103   118   
363   S0796     学生796       343   120   103   120   
364   S0834     学生834       343   117   144   82    
365   S0732     学生732       343   113   115   115   
366   S0071     学生71        343   113   102   128   
367   S0375     学生375       343   111   113   119   
368   S0656     学生656       343   110   127   106   
369   S0573     学生573       343   108   133   102   
370   S0655     学生655       343   106   103   134   
371   S0548     学生548       343   100   150   93    
372   S0493     学生493       343   98    132   113   
373   S0721     学生721       343   79    144   120   
374   S0397     学生397       342   140   100   102   
375   S0368     学生368       342   135   95    112   
376   S0759     学生759       342   129   115   98    
377   S0063     学生63        342   128   127   87    
378   S0037     学生37        342   123   106   113   
379   S0748     学生748       342   121   111   110   
380   S0934     学生934       342   118   122   102   
381   S0115     学生115       342   118   107   117   
382   S0270     学生270       342   110   138   94    
383   S0093     学生93        342   110   122   110   
384   S0038     学生38        342   109   102   131   
385   S0352     学生352       342   107   131   104   
386   S0394     学生394       342   102   121   119   
387   S0957     学生957       342   101   122   119   
388   S0334     学生334       342   97    128   117   
389   S0791     学生791       342   96    150   96    
390   S0112     学生112       342   96    119   127   
391   S0560     学生560       341   119   106   116   
392   S0074     学生74        341   116   119   106   
393   S0215     学生215       341   116   116   109   
394   S0985     学生985       341   113   112   116   
395   S0155     学生155       341   83    110   148   
396   S0119     学生119       341   82    123   136   
397   S0887     学生887       340   143   119   78    
398   S0685     学生685       340   131   105   104   
399   S0946     学生946       340   124   111   105   
400   S0782     学生782       340   123   93    124   
401   S0612     学生612       340   118   97    125   
402   S0243     学生243       340   110   109   121   
403   S0392     学生392       340   105   105   130   
404   S0504     学生504       340   94    127   119   
405   S0365     学生365       340   87    148   105   
406   S0062     学生62        339   141   93    105   
407   S0262     学生262       339   130   102   107   
408   S0311     学生311       339   122   96    121   
409   S0490     学生490       339   114   120   105   
410   S0358     学生358       339   111   123   105   
411   S0910     学生910       339   107   119   113   
412   S0546     学生546       338   133   94    111   
413   S0544     学生544       338   128   97    113   
414   S0631     学生631       338   126   118   94    
415   S0893     学生893       338   125   105   108   
416   S0565     学生565       338   115   113   110   
417   S0386     学生386       338   112   103   123   
418   S0624     学生624       338   110   107   121   
419   S0301     学生301       338   109   124   105   
420   S0902     学生902       338   106   109   123   
421   S0005     学生5         338   105   117   116   
422   S0498     学生498       338   103   136   99    
423   S0494     学生494       338   101   142   95    
424   S0780     学生780       338   101   119   118   
425   S0424     学生424       338   92    122   124   
426   S0513     学生513       338   90    122   126   
427   S0079     学生79        338   78    121   139   
428   S0868     学生868       337   132   99    106   
429   S0520     学生520       337   128   102   107   
430   S0091     学生91        337   123   103   111   
431   S0326     学生326       337   122   103   112   
432   S0321     学生321       337   122   91    124   
433   S0781     学生781       337   121   126   90    
434   S0235     学生235       337   118   128   91    
435   S0566     学生566       337   117   108   112   
436   S0208     学生208       337   117   102   118   
437   S0145     学生145       337   92    107   138   
438   S0122     学生122       336   131   72    133   
439   S0856     学生856       336   121   117   98    
440   S0531     学生531       336   110   129   97    
441   S0509     学生509       336   110   118   108   
442   S0640     学生640       336   109   128   99    
443   S0488     学生488       336   107   116   113   
444   S0048     学生48        336   102   128   106   
445   S0292     学生292       336   92    135   109   
446   S0186     学生186       336   87    123   126   
447   S0512     学生512       335   145   94    96    
448   S0485     学生485       335   142   91    102   
449   S0989     学生989       335   129   100   106   
450   S0314     学生314       335   127   99    109   
451   S0081     学生81        335   126   94    115   
452   S0619     学生619       335   119   76    140   
453   S0095     学生95        335   115   98    122   
454   S0596     学生596       335   110   113   112   
455   S0159     学生159       335   104   140   91    
456   S0054     学生54        335   100   125   110   
457   S0273     学生273       335   94    122   119   
458   S0924     学生924       335   79    114   142   
459   S0608     学生608       335   75    125   135   
460   S0973     学生973       334   150   112   72    
461   S0315     学生315       334   138   131   65    
462   S0501     学生501       334   129   84    121   
463   S0016     学生16        334   125   96    113   
464   S0355     学生355       334   118   113   103   
465   S0356     学生356       334   118   97    119   
466   S0886     学生886       334   110   104   120   
467   S0830     学生830       334   109   103   122   
468   S0742     学生742       334   108   115   111   
469   S0966     学生966       334   98    125   111   
470   S0725     学生725       334   97    124   113   
471   S0817     学生817       334   86    98    150   
472   S0178     学生178       334   81    138   115   
473   S0129     学生129       334   79    141   114   
474   S0937     学生937       333   132   100   101   
475   S0395     学生395       333   129   95    109   
476   S0870     学生870       333   127   95    111   
477   S0451     学生451       333   118   118   97    
478   S0848     学生848       333   118   113   102   
479   S0296     学生296       333   116   112   105   
480   S0298     学生298       333   110   108   115   
481   S0244     学生244       333   103   123   107   
482   S0756     学生756       333   102   123   108   
483   S0045     学生45        333   87    115   131   
484   S0953     学生953       332   144   98    90    
485   S0097     学生97        332   128   98    106   
486   S0124     学生124       332   125   104   103   
487   S0068     学生68        332   119   105   108   
488   S0602     学生602       332   118   114   100   
489   S0471     学生471       332   117   112   103   
490   S0799     学生799       332   113   92    127   
491   S0132     学生132       332   113   88    131   
492   S0667     学生667       332   111   113   108   
493   S0807     学生807       332   107   112   113   
494   S0310     学生310       332   98    122   112   
495   S0650     学生650       332   96    108   128   
496   S0252     学生252       332   96    87    149   
497   S0031     学生31        332   95    124   113   
498   S0349     学生349       332   91    123   118   
499   S0184     学生184       332   88    128   116   
500   S0808     学生808       332   82    125   125   
501   S0738     学生738       331   150   89    92    
502   S0299     学生299       331   130   121   80    
503   S0984     学生984       331   122   97    112   
504   S0757     学生757       331   118   96    117   
505   S0861     学生861       331   111   76    144   
506   S0432     学生432       331   109   120   102   
507   S0131     学生131       331   106   121   104   
508   S0812     学生812       331   97    101   133   
509   S0775     学生775       331   93    105   133   
510   S0773     学生773       331   92    128   111   
511   S0671     学生671       331   71    122   138   
512   S0949     学生949       330   136   102   92    
513   S0464     学生464       330   130   76    124   
514   S0219     学生219       330   125   118   87    
515   S0658     学生658       330   125   99    106   
516   S0204     学生204       330   124   91    115   
517   S0381     学生381       330   123   98    109   
518   S0717     学生717       330   121   101   108   
519   S0468     学生468       330   120   98    112   
520   S0057     学生57        330   105   129   96    
521   S0272     学生272       330   105   113   112   
522   S0319     学生319       330   105   87    138   
523   S0499     学生499       330   104   138   88    
524   S0977     学生977       330   100   107   123   
525   S0567     学生567       330   100   98    132   
526   S0077     学生77        330   98    121   111   
527   S0768     学生768       330   95    127   108   
528   S0802     学生802       330   80    138   112   
529   S0351     学生351       329   150   87    92    
530   S0448     学生448       329   132   118   79    
531   S0840     学生840       329   126   91    112   
532   S0899     学生899       329   110   122   97    
533   S0609     学生609       329   107   110   112   
533   S0935     学生935       329   107   110   112   
535   S0309     学生309       329   105   113   111   
536   S0752     学生752       329   103   102   124   
537   S0636     学生636       329   99    126   104   
538   S0325     学生325       329   92    101   136   
539   S0425     学生425       329   84    138   107   
540   S0855     学生855       328   148   78    102   
541   S0276     学生276       328   141   115   72    
542   S0666     学生666       328   123   109   96    
543   S0398     学生398       328   122   102   104   
544   S0657     学生657       328   121   108   99    
545   S0649     学生649       328   118   95    115   
546   S0561     学生561       328   114   128   86    
547   S0156     学生156       328   113   88    127   
548   S0034     学生34        328   109   95    124   
549   S0053     学生53        328   99    79    150   
550   S0021     学生21        328   98    139   91    
551   S0401     学生401       328   96    121   111   
552   S0380     学生380       328   95    133   100   
553   S0188     学生188       328   89    112   127   
554   S0370     学生370       327   134   108   85    
555   S0943     学生943       327   125   107   95    
556   S0183     学生183       327   118   125   84    
557   S0903     学生903       327   114   112   101   
558   S0072     学生72        327   106   124   97    
559   S0675     学生675       327   106   116   105   
560   S0111     学生111       327   99    100   128   
561   S0142     学生142       327   95    122   110   
562   S0283     学生283       327   94    101   132   
563   S0720     学生720       327   92    115   120   
564   S0456     学生456       327   87    141   99    
565   S0990     学生990       326   142   88    96    
566   S0196     学生196       326   141   105   80    
567   S0925     学生925       326   137   85    104   
568   S0960     学生960       326   133   98    95    
569   S0933     学生933       326   112   103   111   
570   S0199     学生199       326   109   120   97    
571   S0228     学生228       326   101   114   111   
572   S0764     学生764       326   98    128   100   
573   S0040     学生40        326   96    124   106   
574   S0734     学生734       326   92    147   87    
575   S0828     学生828       326   90    126   110   
576   S0634     学生634       326   90    107   129   
577   S0623     学生623       326   86    91    149   
578   S0936     学生936       326   85    109   132   
579   S0127     学生127       325   129   102   94    
580   S0948     学生948       325   129   83    113   
581   S0804     学生804       325   122   115   88    
582   S0287     学生287       325   122   87    116   
583   S0221     学生221       325   121   94    110   
584   S0912     学生912       325   114   125   86    
585   S0383     学生383       325   111   108   106   
586   S0876     学生876       325   107   102   116   
587   S0711     学生711       325   100   131   94    
588   S0684     学生684       325   95    106   124   
589   S0192     学生192       325   92    112   121   
590   S0846     学生846       324   121   101   102   
591   S0161     学生161       324   119   110   95    
592   S0611     学生611       324   111   90    123   
593   S0187     学生187       324   103   122   99    
594   S0360     学生360       324   103   111   110   
595   S0801     学生801       324   94    108   122   
596   S0478     学生478       324   94    100   130   
597   S0025     学生25        324   93    117   114   
598   S0702     学生702       324   93    111   120   
599   S0705     学生705       323   145   77    101   
600   S0758     学生758       323   135   63    125   
601   S0908     学生908       323   131   92    100   
602   S0575     学生575       323   129   93    101   
603   S0284     学生284       323   123   79    121   
604   S0997     学生997       323   123   72    128   
605   S0460     学生460       323   118   101   104   
606   S0160     学生160       323   114   120   89    
607   S0571     学生571       323   111   94    118   
608   S0436     学生436       323   109   104   110   
609   S0771     学生771       323   97    96    130   
610   S0785     学生785       323   87    119   117   
611   S0458     学生458       323   65    130   128   
612   S0871     学生871       322   119   78    125   
613   S0629     学生629       322   118   86    118   
614   S0700     学生700       322   111   102   109   
615   S0402     学生402       322   108   101   113   
616   S0416     学生416       322   105   97    120   
617   S0336     学生336       322   104   106   112   
618   S0917     学生917       322   102   113   107   
619   S0950     学生950       322   98    108   116   
620   S0863     学生863       322   95    98    129   
621   S0099     学生99        322   93    116   113   
622   S0539     学生539       322   87    97    138   
623   S0462     学生462       321   125   127   69    
624   S0749     学生749       321   122   106   93    
625   S0877     学生877       321   114   83    124   
626   S0041     学生41        321   101   88    132   
627   S0662     学生662       321   95    104   122   
628   S0389     学生389       321   95    98    128   
629   S0076     学生76        321   89    112   120   
630   S0837     学生837       321   79    102   140   
631   S0988     学生988       321   77    122   122   
632   S0246     学生246       321   72    122   127   
633   S0718     学生718       320   127   108   85    
634   S0843     学生843       320   125   99    96    
635   S0028     学生28        320   122   96    102   
636   S0534     学生534       320   115   102   103   
637   S0391     学生391       320   111   126   83    
638   S0516     学生516       320   105   97    118   
639   S0704     学生704       320   97    133   90    
640   S0324     学生324       320   97    92    131   
641   S0239     学生239       320   94    103   123   
642   S0211     学生211       319   136   69    114   
643   S0625     学生625       319   130   76    113   
644   S0862     学生862       319   125   108   86    
645   S0822     学生822       319   124   108   87    
646   S0826     学生826       319   122   115   82    
647   S0046     学生46        319   119   104   96    
648   S0419     学生419       319   117   126   76    
649   S0890     学生890       319   110   72    137   
650   S0939     学生939       319   109   121   89    
651   S0638     学生638       319   95    114   110   
652   S0084     学生84        319   95    100   124   
653   S0222     学生222       319   92    96    131   
654   S0790     学生790       319   87    120   112   
655   S0009     学生9         319   75    109   135   
656   S0970     学生970       319   74    106   139   
657   S0167     学生167       318   150   99    69    
658   S0715     学生715       318   130   105   83    
659   S0177     学生177       318   123   104   91    
660   S0660     学生660       318   107   127   84    
661   S0191     学生191       318   89    103   126   
662   S0844     学生844       318   82    137   99    
663   S0852     学生852       317   120   93    104   
664   S0588     学生588       317   117   114   86    
665   S0106     学生106       317   116   93    108   
666   S0023     学生23        317   112   125   80    
667   S0526     学生526       317   104   90    123   
668   S0117     学生117       317   102   95    120   
669   S0645     学生645       317   95    107   115   
670   S0480     学生480       317   89    123   105   
671   S0956     学生956       317   78    136   103   
672   S0241     学生241       316   147   78    91    
673   S0151     学生151       316   134   92    90    
674   S0731     学生731       316   133   94    89    
675   S0414     学生414       316   119   93    104   
676   S0289     学生289       316   117   106   93    
677   S0467     学生467       316   114   95    107   
678   S0137     学生137       316   101   110   105   
679   S0996     学生996       316   97    109   110   
680   S0849     学生849       316   89    117   110   
681   S0911     学生911       316   76    138   102   
682   S0307     学生307       316   73    106   137   
683   S0090     学生90        315   130   70    115   
684   S0606     学生606       315   122   93    100   
685   S0479     学生479       315   116   109   90    
686   S0263     学生263       315   113   106   96    
687   S0433     学生433       315   106   127   82    
688   S0158     学生158       315   100   106   109   
689   S0390     学生390       315   98    95    122   
690   S0449     学生449       315   95    77    143   
691   S0282     学生282       315   88    121   106   
692   S0841     学生841       314   125   105   84    
693   S0274     学生274       314   124   106   84    
694   S0417     学生417       314   122   92    100   
695   S0036     学生36        314   122   83    109   
696   S0783     学生783       314   121   94    99    
697   S0303     学生303       314   119   99    96    
698   S0904     学生904       314   97    110   107   
699   S0637     学生637       314   92    120   102   
700   S0823     学生823       313   95    118   100   
701   S0014     学生14        313   80    103   130   
702   S0477     学生477       312   124   90    98    
703   S0663     学生663       312   107   109   96    
704   S0206     学生206       312   106   123   83    
705   S0676     学生676       312   105   113   94    
706   S0257     学生257       312   98    106   108   
707   S0570     学生570       312   97    119   96    
708   S0579     学生579       312   94    103   115   
709   S0932     学生932       312   92    77    143   
710   S0854     学生854       312   73    120   119   
711   S0682     学生682       312   73    105   134   
712   S0139     学生139       312   72    120   120   
713   S0075     学生75        311   135   89    87    
714   S0517     学生517       311   124   102   85    
715   S0484     学生484       311   120   92    99    
716   S0104     学生104       311   117   101   93    
717   S0803     学生803       311   116   57    138   
718   S0011     学生11        311   98    92    121   
719   S0409     学生409       311   86    123   102   
720   S0166     学生166       311   83    99    129   
721   S0405     学生405       311   81    109   121   
722   S0223     学生223       311   79    130   102   
723   S0200     学生200       311   78    125   108   
724   S0691     学生691       310   117   127   66    
725   S0364     学生364       310   117   83    110   
726   S0422     学生422       310   108   87    115   
727   S0318     学生318       310   101   102   107   
728   S0884     学生884       310   99    104   107   
729   S0766     学生766       310   90    103   117   
730   S0495     学生495       310   89    115   106   
731   S0236     学生236       310   88    108   114   
732   S0453     学生453       310   83    103   124   
733   S0733     学生733       310   82    106   122   
734   S0586     学生586       309   110   96    103   
735   S0277     学生277       309   102   92    115   
736   S0536     学生536       309   98    120   91    
737   S0294     学生294       309   94    108   107   
738   S0664     学生664       309   85    127   97    
739   S0508     学生508       309   71    121   117   
740   S0344     学生344       308   115   104   89    
741   S0182     学生182       308   114   65    129   
742   S0523     学生523       308   111   102   95    
743   S0022     学生22        308   109   124   75    
744   S0489     学生489       308   100   112   96    
745   S0399     学生399       308   99    87    122   
746   S0913     学生913       308   90    71    147   
747   S0342     学生342       308   71    136   101   
748   S0626     学生626       307   131   107   69    
749   S0963     学生963       307   116   98    93    
750   S0455     学生455       307   115   91    101   
751   S0103     学生103       307   115   90    102   
752   S0724     学生724       307   106   75    126   
753   S0552     学生552       307   104   72    131   
754   S0444     学生444       307   103   131   73    
755   S0162     学生162       307   96    80    131   
756   S0838     学生838       307   91    88    128   
757   S0687     学生687       307   85    98    124   
758   S0353     学生353       306   118   108   80    
759   S0974     学生974       306   111   108   87    
760   S0110     学生110       306   111   107   88    
761   S0683     学生683       306   107   118   81    
762   S0193     学生193       306   105   77    124   
763   S0109     学生109       306   103   109   94    
764   S0347     学生347       306   102   95    109   
765   S0120     学生120       306   101   85    120   
766   S0049     学生49        306   94    97    115   
767   S0599     学生599       306   87    101   118   
768   S0168     学生168       305   135   36    134   
769   S0673     学生673       305   121   85    99    
770   S0728     学生728       305   110   102   93    
771   S0726     学生726       305   110   100   95    
772   S0947     学生947       305   110   96    99    
773   S0885     学生885       305   107   107   91    
774   S0892     学生892       305   106   111   88    
775   S0693     学生693       305   104   95    106   
776   S0469     学生469       305   98    107   100   
777   S0170     学生170       305   96    96    113   
778   S0774     学生774       305   91    108   106   
779   S0690     学生690       305   84    101   120   
780   S0339     学生339       305   80    125   100   
781   S0295     学生295       305   78    126   101   
782   S0491     学生491       304   130   87    87    
783   S0686     学生686       304   109   95    100   
784   S0574     学生574       304   107   109   88    
785   S0889     学生889       304   100   122   82    
786   S0872     学生872       303   135   77    91    
787   S0481     学生481       303   134   75    94    
788   S0483     学生483       303   99    111   93    
789   S0373     学生373       303   47    147   109   
790   S0218     学生218       302   121   90    91    
791   S0447     学生447       302   121   88    93    
792   S0681     学生681       302   113   114   75    
793   S0607     学生607       302   112   119   71    
794   S0238     学生238       302   97    120   85    
795   S0750     学生750       302   91    118   93    
796   S0089     学生89        302   86    93    123   
797   S0060     学生60        302   75    117   110   
798   S0982     学生982       301   122   79    100   
799   S0302     学生302       301   117   97    87    
800   S0443     学生443       301   107   98    96    
801   S0678     学生678       301   100   133   68    
802   S0144     学生144       301   89    122   90    
803   S0474     学生474       301   88    134   79    
804   S0454     学生454       301   68    123   110   
805   S0900     学生900       300   109   127   64    
806   S0459     学生459       300   98    99    103   
807   S0267     学生267       300   96    72    132   
808   S0258     学生258       300   94    88    118   
809   S0225     学生225       300   92    122   86    
810   S0839     学生839       300   90    92    118   
811   S0441     学生441       300   85    112   103   
812   S0082     学生82        299   129   78    92    
813   S0114     学生114       299   125   80    94    
814   S0174     学生174       299   114   101   84    
815   S0942     学生942       299   111   74    114   
816   S0931     学生931       299   110   85    104   
817   S0545     学生545       299   97    97    105   
818   S0461     学生461       299   95    119   85    
819   S0918     学生918       299   93    109   97    
820   S0741     学生741       299   69    105   125   
821   S0668     学生668       298   115   99    84    
822   S0881     学生881       298   111   92    95    
823   S0431     学生431       298   100   85    113   
824   S0580     学生580       298   99    92    107   
825   S0648     学生648       298   99    88    111   
826   S0669     学生669       298   98    96    104   
827   S0033     学生33        298   98    87    113   
828   S0642     学生642       298   90    114   94    
829   S0767     学生767       298   68    138   92    
830   S0722     学生722       297   145   67    85    
831   S0554     学生554       297   116   103   78    
832   S0745     学生745       297   109   99    89    
833   S0651     学生651       297   101   101   95    
834   S0511     学生511       297   94    115   88    
835   S0271     学生271       297   93    74    130   
836   S0407     学生407       297   77    108   112   
837   S0778     学生778       297   76    131   90    
838   S0323     学生323       296   99    95    102   
839   S0226     学生226       296   92    113   91    
840   S0979     学生979       296   90    111   95    
841   S0331     学生331       296   78    110   108   
842   S0594     学生594       296   72    81    143   
843   S0087     学生87        295   113   98    84    
844   S0357     学生357       295   108   103   84    
845   S0092     学生92        295   98    105   92    
846   S0268     学生268       295   96    117   82    
847   S0674     学生674       295   86    103   106   
848   S0761     学生761       295   84    121   90    
849   S0969     学生969       295   67    108   120   
850   S0672     学生672       294   110   95    89    
851   S0233     学生233       294   102   76    116   
852   S0047     学生47        294   90    100   104   
853   S0209     学生209       294   88    87    119   
854   S0697     学生697       294   84    121   89    
855   S0601     学生601       293   144   73    76    
856   S0435     学生435       293   118   80    95    
857   S0446     学生446       293   114   69    110   
858   S0972     学生972       293   106   87    100   
859   S0616     学生616       293   104   106   83    
860   S0921     学生921       293   87    108   98    
861   S0008     学生8         293   87    87    119   
862   S0423     学生423       293   81    116   96    
863   S0986     学生986       293   65    91    137   
864   S0322     学生322       292   108   76    108   
865   S0214     学生214       292   98    106   88    
866   S0613     学生613       292   91    114   87    
867   S0735     学生735       292   86    116   90    
868   S0777     学生777       292   84    105   103   
869   S0254     学生254       292   83    123   86    
870   S0680     学生680       292   82    93    117   
871   S0216     学生216       292   82    76    134   
872   S0379     学生379       291   106   112   73    
873   S0217     学生217       291   95    80    116   
874   S0126     学生126       291   86    96    109   
875   S0010     学生10        291   84    101   106   
876   S0610     学生610       291   84    100   107   
877   S0366     学生366       290   134   83    73    
878   S0044     学生44        290   125   73    92    
879   S0101     学生101       290   88    110   92    
880   S0275     学生275       290   86    102   102   
881   S0723     学生723       289   118   96    75    
882   S0521     学生521       289   85    120   84    
883   S0708     学生708       289   83    92    114   
884   S0450     学生450       289   71    114   104   
885   S0260     学生260       288   117   80    91    
886   S0442     学生442       288   99    99    90    
887   S0207     学生207       288   97    88    103   
888   S0916     学生916       288   95    98    95    
889   S0452     学生452       288   90    114   84    
890   S0024     学生24        288   88    109   91    
891   S0811     学生811       288   87    91    110   
892   S0694     学生694       288   79    97    112   
893   S0744     学生744       287   108   83    96    
894   S0709     学生709       287   100   109   78    
895   S0827     学生827       287   99    85    103   
896   S0377     学生377       287   99    76    112   
897   S0463     学生463       287   95    83    109   
898   S0080     学生80        287   84    103   100   
899   S0813     学生813       287   46    126   115   
900   S0853     学生853       286   123   79    84    
901   S0510     学生510       286   122   87    77    
902   S0888     学生888       286   117   64    105   
903   S0306     学生306       286   89    130   67    
904   S0524     学生524       286   83    118   85    
905   S0172     学生172       286   77    104   105   
906   S0387     学生387       285   112   74    99    
907   S0350     学生350       285   83    98    104   
908   S0078     学生78        285   71    122   92    
909   S0522     学生522       284   110   92    82    
910   S0585     学生585       284   110   77    97    
911   S0578     学生578       284   102   93    89    
912   S0556     学生556       284   90    111   83    
913   S0869     学生869       284   88    69    127   
914   S0582     学生582       284   75    113   96    
915   S0066     学生66        283   105   112   66    
916   S0285     学生285       283   105   101   77    
917   S0108     学生108       283   85    110   88    
918   S0133     学生133       283   84    97    102   
919   S0727     学生727       282   106   62    114   
920   S0940     学生940       282   99    93    90    
921   S0568     学生568       282   87    107   88    
922   S0632     学生632       282   79    97    106   
923   S0615     学生615       282   65    88    129   
924   S0874     学生874       281   100   92    89    
925   S0017     学生17        281   100   86    95    
926   S0627     学生627       280   89    100   91    
927   S0476     学生476       280   64    95    121   
928   S0231     学生231       279   93    98    88    
929   S0941     学生941       279   88    76    115   
930   S0486     学生486       279   82    96    101   
931   S0654     学生654       279   75    143   61    
932   S0677     学生677       278   100   99    79    
933   S0100     学生100       278   99    71    108   
934   S0328     学生328       278   81    83    114   
935   S0259     学生259       278   80    77    121   
936   S0261     学生261       276   104   88    84    
937   S0408     学生408       276   100   100   76    
938   S0403     学生403       276   96    83    97    
939   S0369     学生369       276   89    100   87    
940   S0029     学生29        275   99    90    86    
941   S0819     学生819       275   84    87    104   
942   S0793     学生793       275   70    109   96    
943   S0530     学生530       274   99    111   64    
944   S0928     学生928       274   83    84    107   
945   S0181     学生181       274   70    91    113   
946   S0967     学生967       273   77    92    104   
947   S0064     学生64        273   46    143   84    
948   S0760     学生760       272   97    91    84    
949   S0338     学生338       272   89    105   78    
950   S0762     学生762       271   87    73    111   
951   S0067     学生67        270   108   53    109   
952   S0614     学生614       270   93    100   77    
953   S0779     学生779       270   79    120   71    
954   S0857     学生857       270   63    92    115   
955   S0829     学生829       269   97    82    90    
956   S0620     学生620       269   91    106   72    
957   S0264     学生264       269   86    78    105   
958   S0919     学生919       269   83    85    101   
959   S0959     学生959       268   122   56    90    
960   S0754     学生754       268   105   90    73    
961   S0412     学生412       268   102   71    95    
962   S0635     学生635       268   88    63    117   
963   S0242     学生242       268   54    76    138   
964   S0406     学生406       267   111   88    68    
965   S0312     学生312       266   97    102   67    
966   S0938     学生938       266   93    70    103   
967   S0909     学生909       266   70    94    102   
968   S0787     学生787       265   101   76    88    
969   S0141     学生141       265   99    73    93    
970   S0096     学生96        265   83    75    107   
971   S0661     学生661       265   73    102   90    
972   S0248     学生248       265   70    101   94    
973   S0332     学生332       264   116   96    52    
974   S0589     学生589       263   121   80    62    
975   S0541     学生541       263   94    92    77    
976   S0794     学生794       263   83    52    128   
977   S0234     学生234       263   81    80    102   
978   S0978     学生978       262   102   76    84    
979   S0496     学生496       262   88    84    90    
980   S0497     学生497       262   88    76    98    
981   S0679     学生679       262   81    95    86    
982   S0535     学生535       260   123   80    57    
983   S0789     学生789       259   98    58    103   
984   S0665     学生665       259   80    90    89    
985   S0860     学生860       257   117   58    82    
986   S0714     学生714       257   114   45    98    
987   S0083     学生83        257   95    100   62    
988   S0410     学生410       255   89    81    85    
989   S0867     学生867       254   100   74    80    
990   S0976     学生976       254   87    65    102   
991   S0929     学生929       254   84    88    82    
992   S0995     学生995       251   80    63    108   
993   S0297     学生297       249   75    53    121   
994   S0983     学生983       247   108   58    81    
995   S0134     学生134       244   73    82    89    
996   S0559     学生559       243   85    70    88    
997   S0039     学生39        242   59    84    99    
998   S0316     学生316       240   79    83    78    
999   S0572     学生572       238   91    56    91    
1000  S0549     学生549       196   104   46    46    
