27 51 56 12 81 17 99 18 70 28 
90 42 31 84 6 34 5 18 75 17 
89 6 36 34 52 5 31 4 97 8 
39 6 75 91 39 23 3 48 57 58 
91 50 76 64 73 23 83 90 54 3 
86 15 49 50 45 9 94 33 89 85 
11 38 29 29 82 70 76 97 1 96 
51 49 42 52 61 87 93 33 49 3 
38 72 100 28 36 22 51 63 28 6 
65 18 4 31 25 45 44 26 4 16 
64 15 99 91 74 17 78 95 18 68 
87 12 19 88 69 8 74 66 40 34 
66 46 28 39 63 41 86 75 92 12 
80 75 75 35 11 45 73 29 89 97 
77 29 88 25 9 92 93 2 24 58 
36 35 24 54 6 75 26 19 6 46 
71 39 70 36 77 38 10 61 85 40 
43 26 36 67 51 41 64 33 96 59 
78 23 85 37 9 79 42 21 16 46 
62 29 50 100 43 56 82 36 23 63 
80 18 19 42 17 11 41 18 76 21 
5 17 23 68 70 33 92 51 81 56 
70 57 64 71 44 30 74 2 36 85 
46 50 98 31 28 40 70 27 4 6 
54 80 96 43 89 88 10 42 45 58 
24 81 92 48 62 35 87 97 61 38 
36 77 9 37 3 31 66 85 55 73 
34 68 73 58 68 26 70 29 6 89 
91 90 35 23 12 50 27 16 32 6 
38 37 69 42 38 45 63 27 15 8 
15 54 51 58 79 5 68 38 22 60 
82 17 43 74 76 33 31 75 69 41 
39 9 65 55 21 1 25 82 3 85 
20 39 66 99 41 92 99 87 45 62 
80 54 67 15 74 28 37 0 63 37 
33 55 70 54 47 72 65 23 98 72 
20 97 49 70 74 98 51 27 62 38 
18 31 92 7 45 44 79 52 43 27 
0 77 44 91 7 48 5 93 39 44 
80 87 21 59 50 66 48 50 42 30 
90 5 9 79 32 20 6 15 13 47 
90 50 97 81 53 86 11 82 64 61 
97 16 58 88 9 77 10 26 97 17 
67 65 50 10 99 89 0 73 66 67 
81 41 73 34 85 71 2 34 15 89 
2 29 71 4 73 52 31 44 48 79 
22 42 100 46 2 58 25 98 55 39 
60 57 61 62 61 53 67 62 71 80 
3 31 74 91 10 33 29 60 71 37 
12 72 27 11 11 45 9 7 86 96 
32 24 76 63 97 8 11 91 61 5 
61 55 63 27 64 63 33 5 26 83 
14 78 84 39 42 37 51 80 70 95 
79 85 85 88 68 75 34 96 54 71 
6 44 69 21 58 10 41 73 80 17 
44 92 99 71 24 23 19 94 49 74 
86 50 63 32 33 18 41 4 82 47 
63 69 72 55 2 18 72 83 64 58 
5 2 85 20 47 6 90 62 84 64 
58 95 94 92 66 3 81 34 66 35 
26 63 38 71 24 66 74 99 9 62 
6 95 94 25 57 5 21 34 3 17 
15 4 37 70 90 79 5 29 29 9 
7 56 29 39 16 60 26 70 76 52 
46 66 56 70 93 17 25 14 55 12 
37 7 32 26 58 30 7 13 72 65 
78 100 9 44 12 0 59 72 96 33 
70 94 24 95 90 67 24 58 58 47 
3 18 75 57 24 60 38 97 24 70 
55 50 25 54 40 34 34 74 31 37 
22 77 65 19 5 95 57 20 32 50 
92 21 70 98 16 2 78 10 10 5 
68 34 4 2 49 53 17 10 43 11 
98 56 18 27 38 82 39 94 63 20 
18 71 0 40 60 97 51 93 77 11 
68 28 56 8 85 97 1 18 71 59 
92 79 42 50 24 15 17 93 9 22 
76 51 25 35 50 30 16 87 97 83 
61 9 57 49 53 64 50 57 88 14 
91 25 36 87 45 25 36 24 52 57 
6 80 3 65 49 51 74 88 98 1 
58 84 39 19 31 58 74 15 37 77 
95 47 23 90 54 44 6 55 31 57 
29 93 23 24 87 39 11 17 100 100 
27 40 12 89 1 5 55 35 20 76 
17 74 94 53 18 58 41 88 25 7 
46 94 3 96 30 83 96 32 5 11 
32 12 46 5 97 69 97 23 100 74 
1 44 31 34 99 63 84 61 71 39 
16 60 52 8 93 91 4 41 87 27 
49 74 62 19 28 25 91 68 55 6 
45 4 60 35 79 39 62 44 44 54 
77 35 41 18 23 9 67 93 10 11 
2 89 16 53 9 16 54 42 47 6 
60 39 22 70 29 45 62 35 5 55 
20 74 27 68 74 22 28 42 92 6 
19 62 4 50 63 4 81 46 94 58 
65 91 39 39 87 63 15 73 99 97 
63 45 43 25 94 1 4 40 34 43 
23 -1
