2
45 93
4470 4873 3275 4656 4073 4468 3716 2360 4302 2574 2930 4198 3483 4136 4834 1342 4272 4719 4551 4381 4931 4748 3658 2954 1939 4073 3978 2736 4851 3847 2495 4918 4067 4535 4755 4900 4756 1717 2552 3571 4433 4818 1886 4269 1925 4662 3178 2323 3263 4989 2652 3882 4443 3683 4548 4096 2762 780 4975 2094 4727 4194 1037 4358 4634 1444 4617 4084 2115 3804 518 2998 4672 3984 4515 3404 4321 2924 1627 4104 2124 4169 4404 2540 4829 1005 4997 4478 3735 4333 4367 4832 4012
3234 2239 4969 3063 4204 4513 4849 3631 3389 2576 4957 4419 1620 4701 4772 3652 4468 4973 3047 1392 4048 4429 2688 4208 2410 1990 2319 4699 595 4814 4982 843 3284 4820 3549 1693 1170 3680 4973 4574 2425 4586 4687 4977 4576 4936 4521 2916 3033 3006 1694 3986 2630 3125 3476 2039 2599 1739 4314 2067 4956 4756 4835 4282 4935 3259 3927 3288 2804 4794 4562 2234 3975 2917 4935 4735 2700 1898 1472 3135 1277 1594 4379 2981 2588 3231 4986 3766 4989 4228 4152 4151 4367
4843 4609 4893 2701 3915 4948 1806 3062 2273 4787 2852 3194 4669 4002 4926 4988 4288 3706 3884 4042 3935 4605 1819 4713 2968 4737 4863 1736 2895 3030 999 83 3511 4328 3149 4228 3210 1505 4883 4796 2264 4607 4890 4717 1977 4655 4254 4122 4321 3920 4153 4048 1532 4710 2942 4909 3949 3323 4261 2468 4920 2318 3879 2026 4105 3721 3459 4995 3485 4854 4193 4680 2444 4997 4541 4381 4314 3056 2491 3463 3154 2563 4596 1191 4255 4911 3888 3978 4723 4984 4726 4842 4655
4376 3054 4386 5000 3847 201 3653 4801 4073 3785 2379 4243 3667 3570 4816 4242 4116 4113 4982 4854 4645 4378 4768 4939 4038 3277 821 3963 2764 3910 4405 3277 1507 2997 3592 4785 3364 4279 3136 4514 4464 4797 4818 4321 4304 4939 4058 3875 4643 4689 3911 1809 4872 4716 2779 4638 4465 4617 1649 4961 4874 4528 2109 3548 3077 4816 4862 3384 2094 2702 4319 1348 3504 3656 4819 3847 4019 4739 2541 2314 3431 4020 4400 4009 4994 3863 1876 4333 2838 4619 4972 3902 4563
2766 4349 3750 4405 1828 4932 3041 4605 1619 4446 4979 3349 4550 4342 4256 4818 3931 4826 4167 4815 4604 4605 4776 3439 4835 2851 2063 4727 2630 4988 2591 4324 4966 3411 4537 4293 4155 2335 4912 3933 1424 2947 4897 4643 4971 4484 4578 1317 4263 1845 2830 3672 4511 3172 3955 630 3248 4914 4147 1558 4129 3408 1102 3116 3471 2591 4604 3688 4934 4363 2476 3449 986 4458 4012 4770 4626 4261 4985 3175 4114 2760 3569 4799 2429 2045 3209 4949 4191 3643 3465 3212 3737
4542 4408 4839 4853 2356 4414 1981 2947 3825 4866 4296 3426 3587 4927 4737 2397 4958 1168 4809 4232 3443 3056 4194 3896 4804 2784 3556 1312 1427 4434 4539 4503 3672 3600 4442 3369 2543 3335 4605 3024 4399 4711 4036 4487 2763 4945 4209 4221 3587 1462 3277 4929 4862 1656 3151 3029 4623 4284 1411 3314 4493 1513 4260 4907 2989 4102 4527 1075 4690 4484 4089 1812 1046 2716 4659 4316 4626 3787 3400 4321 1773 2248 3238 4446 3540 1053 4014 3487 1732 3127 1656 3890 3118
4371 4909 4909 4586 3002 4618 1004 1425 4951 1828 4238 3324 295 4671 3326 4341 4767 3052 4966 3068 2436 4825 3677 4230 4662 3815 1874 4739 3944 3039 4977 2639 3806 4134 3934 3147 4966 3851 3459 3649 2415 4342 2979 1643 2506 4567 4834 4183 2913 4829 3710 4708 1674 3182 3818 1003 4903 4441 3348 4980 4893 2657 4569 2816 4547 2913 4910 2448 4653 4895 4643 2882 4390 4764 2645 4747 4562 3471 4187 1527 3610 3228 4325 1548 2347 4802 2044 3939 3979 2623 3019 3793 4328
4931 4546 4334 4753 4502 4800 3003 4584 3678 1597 3910 3763 4267 900 4858 3140 4362 2879 4637 4075 3809 922 4849 4355 4859 4777 3836 4077 4973 2787 4277 4615 3491 4817 3204 729 4856 4648 4606 2503 1179 3028 4477 4670 3654 3793 4969 4897 4893 3672 2871 4576 3298 4464 2485 4344 4952 4555 4634 1609 2703 467 2720 2903 4777 4020 3817 3115 4695 3134 2050 4486 2908 3489 4277 476 4061 4858 3745 2324 3717 4556 3981 4460 4989 3546 4775 3124 1427 4089 3754 512 4009
3766 2636 2288 4891 3284 4388 2108 4779 4295 1419 4955 4108 4241 4089 3365 1871 4155 4218 3753 3819 4919 4132 4640 3261 4603 4783 2079 3243 2734 4532 4617 4705 4236 4510 4955 4261 4993 4076 4849 3855 4563 4793 1392 3389 2527 2306 4166 4415 4844 2096 4272 3490 4190 4504 4179 4818 4032 3613 3883 2519 4620 2174 4612 2432 4841 2311 4356 1080 4699 4412 2085 4242 4677 4053 3301 4866 4951 4861 4657 4078 2145 4882 4447 4830 4228 3869 4086 219 4859 1321 4528 2185 4870
2984 924 2019 3379 3547 2827 4975 4414 4620 3765 4753 3850 4875 1119 3482 4741 3799 3672 1126 4471 4530 3614 2587 4312 2015 4299 2022 910 4787 3211 1764 4204 4532 4502 158 4995 4544 4295 733 3299 4143 3721 4190 2534 3978 4188 4944 2602 2860 4833 3198 2166 3288 4069 726 3427 2865 4784 2162 2066 4625 4708 1107 4739 4845 4657 4860 4546 4985 4929 4562 4686 3719 1171 3907 4719 4661 3321 4728 4249 4865 4764 4868 4697 4851 4479 4648 4217 1360 4881 4472 4178 4704
3608 1527 3484 4406 3290 4992 3035 563 3224 4939 4737 3897 4608 3820 3996 3290 3620 3474 3562 3604 4472 3463 4823 4335 3948 4680 4900 3894 2184 4144 4248 4281 2121 4910 4323 1122 4173 4447 4967 2961 1764 2673 4613 597 4349 4012 3860 3343 3822 4679 2638 3546 4745 4818 2863 4601 4820 3731 4670 3347 800 4999 4416 4219 3633 3721 2833 2977 3905 4569 4462 3482 3053 2696 4781 4918 4551 3188 4733 2310 2668 4954 4136 4720 4869 3517 2559 4588 4872 3089 376 2714 2695
4280 3834 1801 4242 3918 2999 3821 4038 1878 3795 4248 4940 3464 4972 4550 793 4992 4854 3530 4691 4978 4969 3722 4340 4998 4825 4985 4849 3582 2980 3074 2277 2834 4147 3531 4241 4153 3679 1725 4104 4700 765 4241 4745 4605 4958 3988 4894 3201 4280 4879 4474 4617 2316 3699 3822 4511 4032 4337 4580 2094 3796 4995 2625 3698 3863 3854 2668 4213 2335 4685 2256 2569 4634 1973 4421 3761 4738 1423 4179 3782 3233 4153 2464 4682 4190 4891 545 3132 2110 3152 4884 4474
4177 3036 2723 4500 3901 2848 2203 4217 4442 2334 1608 4929 2266 1364 4507 3711 2114 2400 4815 4992 2298 4424 1185 4504 1201 4339 4628 4117 4989 4079 4883 3349 3647 4744 4653 2764 4594 4430 4637 2462 4455 4976 4951 2001 3782 2313 2574 4494 3709 3734 3467 2390 3442 4431 3844 2506 3489 4879 2504 4084 4891 3048 4144 4827 3376 4025 4973 4865 4369 4391 4980 1500 4593 3427 3706 2312 4599 3307 4888 3159 3806 3106 3860 4907 3496 4072 4782 4896 3746 4254 3627 3066 4297
4859 4999 1332 4748 3844 4393 870 1491 2144 3466 4048 4820 1612 4731 4417 1371 1777 4181 1538 3560 4303 2487 3103 3331 3095 4873 4498 4844 4412 4805 4413 1009 4003 3449 2894 4992 1222 3466 4433 4915 3465 2410 4210 3551 4212 4230 4647 4145 3676 4929 3702 2982 4797 4814 1412 4625 2857 4735 4765 2538 4280 4656 3175 577 4264 3612 4324 4640 4387 4746 3775 4062 4950 4842 2874 3514 1087 3645 1845 4305 4516 4966 4086 2465 4888 1179 4868 3910 4890 4883 4665 3633 3333
2204 4565 3932 3250 4250 4543 4165 3542 3931 2926 4464 1651 1791 1155 4392 4601 3789 4949 4663 4731 2166 2352 4204 3171 4848 4994 3952 3961 4635 4350 4937 2464 3830 3621 3025 3389 4659 4763 4906 4379 1034 2076 3756 3478 4901 4311 4937 3506 2890 4411 3464 4031 4840 4592 4882 4651 4053 2971 4913 1721 4323 4490 4865 4931 3801 4044 2884 4662 4981 2985 4592 4583 4079 4845 2661 4222 3876 4888 1407 2443 3951 4425 4608 4024 2830 2168 3328 4246 3378 2883 3733 4851 2790
3472 4989 4042 3800 4423 2230 4239 2633 1500 4725 4988 4988 4027 3054 4482 3878 4798 4154 1291 4308 4363 4078 4953 3874 4838 1593 3032 4370 4607 2741 3818 1199 2703 3621 4960 4871 4141 2850 4848 2632 1515 3116 4332 4842 3767 4937 4068 4887 4061 3140 4033 4270 4977 4681 4129 4500 4842 3609 4908 4698 2716 4899 1531 3549 3929 4252 4026 3576 4721 4242 2011 2650 4235 647 4348 2512 4618 1159 4330 2788 4415 4895 2983 3503 4776 4093 4423 4140 2993 1992 2958 4857 4636
2904 3964 4352 4799 3454 3183 2945 4340 4858 3528 4330 2626 4611 3964 4789 2577 4691 4781 3947 4443 4972 3335 4554 3885 2358 4882 3137 2698 4924 4986 3410 4783 4678 1684 1729 3842 3174 2688 4271 4221 2856 3088 3125 3413 3214 3893 4535 1704 850 4710 4934 2710 3904 4107 2690 4406 2530 4851 4471 1242 3708 4784 4665 2231 1005 4905 4038 2082 4753 4707 4127 4039 1909 4761 4523 3859 3777 2425 1747 2252 4990 3025 4052 4999 4090 4281 2320 3745 1242 4933 4591 4437 4787
1878 4310 3603 4992 4611 3076 1057 3756 2167 3715 4634 4750 4029 4574 3477 1797 2333 3805 4838 4816 2796 4740 4558 4418 4899 4198 4117 3330 2857 4433 4950 4890 842 4744 2379 4072 4265 4394 4356 4052 3542 3461 2325 3219 4013 4196 4347 4044 4400 3668 4647 1981 4924 4486 4457 4561 3838 4299 4770 3531 3252 4951 2252 4534 4382 2840 2098 4852 4522 2103 2339 4974 4956 1574 1420 4869 1892 1713 3990 4203 3882 1530 4531 4549 3331 4381 962 4393 4552 4568 4650 1390 581
4377 4309 3919 3957 4442 4915 4783 4067 4755 4773 1530 4970 4369 2724 3730 2059 2123 2284 3982 4351 3419 4339 3680 4389 4041 4519 3478 1014 2349 2097 4751 4829 4824 2378 1820 3078 2914 2825 4003 3163 2120 4155 1747 3236 4520 4723 4031 4681 3060 4914 4561 4823 4760 3354 3503 4512 3185 4649 4774 4263 4888 3582 1691 4392 3328 4978 4260 3002 4007 4356 2554 3409 3443 2472 2022 4771 3916 1963 3121 4145 4922 2860 4304 3568 4296 4838 4756 2396 2072 3239 4888 4854 2157
4240 3368 4346 4709 1407 4979 852 1638 2462 2603 3295 2445 4816 4582 3829 1851 3326 3593 4566 3703 4289 4783 2635 4428 3262 4085 2791 4475 4361 3953 4094 4253 4722 2907 3281 3156 4907 4748 4291 4693 2498 3069 2055 3769 3320 3191 4521 2845 3440 4886 3556 1914 4376 3595 3069 1851 2848 3545 2532 3538 4524 4961 3392 4848 4992 4477 3101 4012 4553 3755 4940 4754 4736 2677 3506 4860 3856 4254 3898 1232 2447 3673 4673 4439 4061 4445 802 4437 3484 4018 4630 4521 2865
4969 2044 4987 2243 4929 4535 936 4831 4611 785 4913 1425 3764 3643 3474 2783 4961 4236 3246 4812 4568 4154 4196 4962 4864 3331 4999 3735 1413 4101 2986 4702 2556 2996 3781 2812 3032 3052 3344 2576 3234 1746 1572 3183 4763 3287 2075 3098 1984 4059 4787 1953 4030 4985 4816 3936 2902 4769 4600 2768 4597 4937 3552 2298 4420 4858 4205 3004 4496 3921 3012 2357 3559 3661 2931 4657 2519 4834 4497 3885 1857 1973 4800 2182 2471 4176 2779 899 2254 1557 2664 870 3754
3515 2367 4682 3926 4914 4816 1242 4678 1177 2564 1408 3522 4700 3602 4357 2940 1848 4115 3839 3816 1607 3310 3474 3727 4733 4285 3874 4607 2356 1862 2465 4136 1095 4730 4882 4984 4650 1433 4344 4873 4842 3695 3743 4061 4685 1393 4628 4513 4686 1767 1526 1548 4864 4278 1910 2538 2674 4336 4319 4288 4747 1901 4644 4377 2189 1509 915 4402 3649 3638 4532 4390 4038 4084 4394 4893 4109 4179 2764 1857 4538 1066 4666 3549 2500 1211 4860 935 2869 4973 2481 4779 4303
4726 4225 2361 4877 4165 4807 2624 1555 3091 4117 3273 4967 3149 4001 1710 4916 4209 4738 1678 4800 4993 3393 3680 2441 3875 3143 2169 3573 4326 1658 4243 3221 842 2031 2079 363 4592 2797 4934 3683 4504 372 4407 4797 4561 4946 1895 4021 4472 4251 4117 4529 4541 3315 4974 1504 4859 1512 3732 2589 4961 3020 4881 4493 3337 4916 3996 3547 4116 4269 4951 4883 4188 2086 3724 2743 3824 2853 4449 2813 3291 4394 4988 3948 4645 4940 4346 4514 4748 4959 3935 1748 4056
4947 4080 2253 4955 2175 3789 4838 4546 4184 4593 3464 2051 3101 1056 3188 4792 3391 3340 4668 4889 4619 4633 3549 4988 3217 4132 4753 4445 4565 4643 3503 4455 1974 1656 2893 4910 4858 2372 1231 4687 4271 2063 4225 3407 4741 4205 4369 4917 3977 4902 4560 2965 4108 3660 3647 4271 4715 1192 934 3894 4174 4048 3880 2207 4573 3668 4442 1253 3830 4045 4892 1736 4355 3444 4913 4924 3690 3830 3643 4469 4933 4913 1605 4395 4434 4054 3806 4592 4045 4499 4950 4169 3888
4994 4099 1532 4919 4565 4007 3842 3182 4970 4972 4967 2696 4486 2538 1274 1063 4623 152 4803 3158 2490 1884 3119 3463 1725 3288 3664 4838 3937 4603 3886 4881 4299 4407 3035 3749 2922 4812 4369 2652 4818 4219 3869 3369 3601 3759 4152 3445 4422 2458 4865 3012 4423 4362 4992 4318 2760 3798 3942 3538 4646 4811 3432 4692 4855 4830 4676 3715 4444 3234 4608 3856 3968 4712 3858 4604 4222 4806 4013 2505 4921 3116 1669 4617 3436 4312 3265 2930 653 4960 4857 4516 4765
3873 1608 4774 2428 4754 2928 3430 3743 4703 4835 4717 4868 3111 4536 4238 3844 3249 2937 4984 3434 541 3931 3581 4313 4068 4375 3421 2813 4940 2970 2085 4268 4620 2332 1523 3164 4986 2509 4174 3997 4219 4145 3091 3516 4019 3882 4674 4286 4621 3772 4976 4098 2471 4216 2940 2865 2201 2581 4631 3964 1199 4302 4904 4243 3062 4740 4783 4586 4073 4245 4821 4331 4113 4205 2898 3698 3968 4308 4980 4634 3724 4878 4133 2712 2088 4897 3813 4937 1776 4443 2735 3418 4887
2433 3691 3888 1547 4947 2610 4580 4833 3423 3846 4075 3595 828 3327 52 1967 3011 4722 4930 2920 4857 4333 3362 3399 4564 4809 4504 4395 4315 4891 1201 2485 1956 4311 3474 4650 4777 4435 4997 1880 1522 4954 1215 4106 3874 4733 1982 3012 4685 4152 4813 3939 2645 3432 4747 4415 3892 3698 1530 3055 2499 4665 1721 3676 4405 4575 3875 3815 2471 4748 4947 4445 4933 4499 3536 956 2452 4698 4991 2836 2521 3691 4558 4131 2576 3651 4009 4935 3288 3960 1996 3423 4138
4932 3861 4630 3328 2559 4899 1897 4795 2973 4156 4992 4297 4115 2742 2687 4833 3950 2776 2690 4259 928 4834 2316 4263 4081 4130 3923 4851 2964 4864 4392 4708 3002 3870 3157 2041 3935 2449 2667 4778 4006 4881 4154 4158 2555 3973 4170 582 2438 3864 4974 3887 2959 3857 3286 4443 4440 2239 3851 4818 4058 3989 4911 3556 4810 3403 4422 4982 2433 4045 4294 4961 2918 4070 4360 3863 1949 2483 3598 4987 3007 4726 2922 4075 4594 2535 4874 2398 1756 2976 4541 3704 4256
4590 3009 2885 4993 4604 1154 4910 4038 4816 3623 4824 2954 1008 4779 1991 4165 1954 4636 2413 3734 4315 2184 4399 4880 2638 4914 4793 1056 3621 4957 2805 4974 2295 4793 4899 3504 4177 3728 2167 4338 3497 3925 4622 2674 2475 4668 3808 878 741 4718 4868 1735 4936 3200 3749 2292 4910 4439 4025 2403 4212 4893 4687 4608 4032 3232 4816 4898 2378 1798 2698 2656 3536 4085 2623 4890 4965 3633 3997 3582 1129 3589 3827 2748 4707 4788 3765 4336 1202 4472 4996 4957 4730
3885 4579 3836 4822 3247 1714 1416 2195 4055 3833 2676 247 115 3392 3981 4577 3579 4920 4373 4837 2962 1075 2855 3293 4461 2156 4901 4666 2942 3263 4675 4493 4315 4582 3699 4200 4834 4171 2328 2566 4998 2219 3772 3953 3316 4411 4209 3201 4581 4072 4989 2825 2816 4974 4100 2941 4494 3131 4775 2739 2297 4852 4444 3859 1881 4285 703 4686 2364 2986 3442 4271 1777 3364 2679 3873 4639 4719 4503 4975 3853 4380 4802 4824 4612 725 4812 1872 4944 3997 4861 2463 2440
4727 3948 917 2903 3915 3778 4052 3029 3750 4607 4343 4112 4296 4207 2400 4635 1529 4745 2317 4970 4852 4850 3320 2600 4628 4913 4442 2072 4502 4937 3512 2430 2648 4897 4801 2304 3008 3083 4177 4552 4772 1924 1726 4445 791 3484 3845 3892 4681 2934 4400 4555 4322 4943 2502 4768 4933 3253 3355 3678 4980 3375 1970 4110 3322 2759 3275 2863 1923 4040 3013 4906 4889 2396 4965 4940 4401 427 4317 2183 4455 4343 2377 3356 2718 3068 4622 3068 4469 4436 2251 4022 4877
4908 4544 4873 3605 4873 1804 4411 4932 3310 2243 2503 4033 4997 2465 3567 3908 2086 1842 3979 4280 4962 4918 1030 1135 4419 3093 2720 4779 4775 3263 4711 4476 3547 4057 3699 4677 3596 2660 3533 3105 2792 3126 4820 2841 3295 3459 3791 4746 4701 3985 2302 3940 4847 3721 4477 3965 1584 1446 4758 4662 3034 3855 4157 4995 4781 3970 3845 937 4335 4904 4531 4848 4822 4547 3552 3885 2518 4192 1423 3800 2940 2734 4523 4603 1099 3683 4702 4018 4619 2151 3099 4124 4242
4971 4621 4395 4988 4787 4725 2931 1266 3654 3429 4937 3156 3375 4287 4885 1327 3773 2434 4285 4572 5000 2739 4935 4526 1248 4987 4597 4569 4098 2623 4880 4918 2416 4218 4458 4695 2171 3969 3843 2108 4159 4786 3819 3561 4319 4990 354 1461 4546 4816 893 2908 4249 4830 800 4236 4927 4584 4538 4183 3631 1648 3015 4714 1870 4408 3623 1753 2135 3535 4046 4640 3470 741 1223 4931 2118 4653 4776 934 2622 4970 1768 3383 1730 3735 4520 4558 4051 3753 2604 2192 4764
2657 4722 3232 4581 2311 3944 4041 3889 4738 4926 4855 4989 1532 4223 4139 4972 3176 4976 4201 3098 4902 4920 4351 1379 4162 4925 3126 2019 4221 3272 4607 3378 4739 3765 4935 4421 4104 3556 3314 3661 1558 4539 4961 2253 3757 3659 4349 4043 1273 2661 4289 4523 4191 3090 1714 4823 2857 3363 3444 3970 4969 4999 4202 2687 4318 1157 4903 4602 4684 4907 3813 3839 2188 3667 2137 3112 3477 4338 3506 4608 4936 3231 4767 4502 4990 3051 4676 4428 2357 4660 4552 4163 4836
4962 1638 4809 3254 3735 4506 4459 4508 4588 542 4919 4963 1283 2168 2157 4353 4655 2951 4127 4903 2464 3422 4990 4929 3967 3285 2519 4067 3142 4733 3075 3557 3780 1751 1738 3635 4764 3835 3232 4076 4343 2144 4168 2846 4998 2268 4935 4457 4209 2364 4226 4569 3197 3319 4652 4403 4272 1222 4585 3729 3514 4890 855 4316 4233 4116 4995 4304 3421 3887 3394 4262 4826 4802 4861 4064 4289 1079 3703 4929 3908 4122 4723 3605 4779 4578 4741 2441 3699 2537 2206 3627 4902
1858 3159 3052 4558 1205 2553 4983 4854 2131 4170 4853 2995 2942 3338 4978 4470 4160 3124 3609 4680 4646 1657 2622 1326 3166 4579 4326 4826 2498 2369 4672 3402 2015 4082 4987 2288 4624 3156 4972 3701 3408 3918 2597 3460 3079 4800 3574 3087 4997 4270 2231 2859 421 4820 4869 2521 4897 3762 3923 4641 4939 4676 4452 4647 4996 3856 1766 4577 3935 1408 4215 4004 3262 3590 4955 4827 4853 1633 4254 4844 4940 1905 1755 3536 3841 2543 4901 2398 4910 2140 4263 3614 4649
4873 1482 4216 4213 4998 4603 4044 3446 4292 4919 4545 2085 1484 3670 3598 2145 4178 4865 3734 3485 4049 4689 2987 4383 3934 4007 4463 3924 4520 2068 4476 4023 1925 3117 4171 3768 804 3321 4564 4378 4267 2629 2433 4247 4698 4999 2824 4283 2585 4995 4965 4042 3992 4847 4153 4382 4396 4797 4089 4507 4251 3954 2387 2804 3212 2183 3261 3593 4648 4883 4198 1787 4566 2930 4438 4847 4614 931 3219 4954 4161 4459 3564 4787 3810 3893 4987 3965 3983 4778 4952 1733 3199
4652 4937 4850 3649 4674 2150 3522 3948 4773 2660 655 2654 4816 4451 4268 1499 4270 4189 2413 4511 4951 4074 3988 4318 1459 1669 3603 1664 3924 4443 4748 4531 3113 4935 4900 2871 3533 4793 4034 4543 4760 1051 2022 3060 4515 3444 4363 4927 2435 4682 3323 2453 1750 4989 4800 3660 4933 3422 2981 3665 104 1565 2392 4440 1631 4160 4758 2830 2943 1865 4823 4300 2844 2472 4286 4073 4691 3236 4926 4705 3396 795 4347 4772 4947 4593 4846 3257 3328 4107 3032 3138 3255
3489 4089 3029 3663 2475 2905 4883 4183 4717 1573 4444 1811 4929 3965 4573 4412 789 1752 4097 2948 2516 2129 4929 4213 3637 1360 4309 939 4043 4727 4461 2156 4293 4329 2605 4400 3011 4140 4164 4599 4218 1354 2361 3008 4549 4920 3888 4129 2758 4607 4816 954 4759 3290 4730 4256 1449 2688 2753 3604 4375 3585 4998 4848 2935 4024 4851 4441 4569 4125 4873 4380 4134 4664 4756 1466 3368 3181 4312 4916 4203 1667 3855 3719 4459 489 4536 3568 4508 3432 4999 1443 3209
4221 3800 4002 4343 1927 4247 4681 3764 4245 3262 4392 4874 4857 4807 4945 3819 4604 4208 2003 3382 3091 4127 4773 4557 4697 4751 4152 3341 2310 1976 4243 4108 4591 2539 2359 4709 4972 4189 4480 1350 4746 1947 4133 4162 1072 3110 4382 4030 4841 1822 4961 4351 3777 4334 4406 3155 4792 4395 3164 2254 3544 3068 4973 4579 4863 4515 3038 2585 2517 3397 2269 2944 2707 3127 2932 3093 4795 3793 2800 4540 4871 4010 4675 4972 3874 1990 4484 3952 1992 4909 4200 3199 4324
4969 1629 4664 4386 4962 3795 4983 3761 4997 3452 4287 4336 3024 3819 1440 3016 4986 4938 4076 3072 1972 3880 1250 3190 4807 3930 3780 4858 4897 4585 4716 4463 4836 4505 2564 3785 2261 4884 4909 4001 3006 4386 4963 2881 4127 2603 4501 2780 4891 2028 4020 3558 4087 4708 4794 3365 1834 2882 4759 3889 2975 1076 4768 4745 4403 3973 2798 4887 1387 2564 3975 3638 3219 3909 4744 4139 4288 1598 4113 3142 2827 2778 2081 3253 3597 2961 4989 3004 4568 652 2842 3582 4058
4990 4986 1676 3414 2367 3706 3449 4045 4816 3789 4127 4193 3528 2606 2362 4869 3998 2303 1962 4269 4223 4822 2276 3763 3944 3708 3748 5000 3599 371 2542 3602 3357 4425 767 4846 4977 4826 888 3190 2401 4655 2963 1603 3695 4576 4886 4610 4368 4907 1299 4736 3745 4103 2638 3926 3182 4812 4545 4250 2932 3565 1195 4938 4739 4448 3501 4007 4131 4954 3678 4242 3598 2633 4576 4121 717 4963 4716 4062 4086 4977 3821 4305 2795 2084 459 2846 3401 3612 3559 3900 4678
4805 4987 1770 4131 3886 4483 4842 4996 3978 1801 4210 3122 4941 3801 4276 4063 1313 4979 4913 3577 3945 1706 2839 2681 4682 4760 4174 4668 4262 1629 4732 3441 2306 3473 4766 1709 4506 3482 4990 3461 3851 2693 4407 2720 4852 3455 4890 1967 3902 3578 3264 4225 2938 3393 4570 4931 2441 3774 2431 4604 2013 4189 3214 4570 4784 4478 4885 4549 4905 4655 4767 3824 4973 4649 1626 4361 4457 2130 2315 280 4926 4878 3262 4384 4631 3506 4289 2124 2185 3634 2992 2879 2863
1900 1514 2875 3082 301 4320 2684 4705 4981 3691 2517 4066 4980 2452 4425 4781 4939 4663 3190 3086 4481 3855 1487 1783 3328 4343 4756 4446 3425 4720 4951 2737 3625 2352 3956 4897 4323 4694 3340 3349 3816 4295 4876 4842 4305 4426 3478 2497 3935 1624 4780 1512 4552 4985 4737 4170 3650 4766 4897 3480 4998 1842 4413 4540 2239 4968 2062 4998 2793 3701 4958 3761 2821 3942 2506 4991 3078 2823 4492 3777 4332 4175 3810 2697 1618 4979 548 3149 5000 2034 4314 4649 2854
4692 3690 4778 3978 3241 387 2596 4362 4764 4613 4865 4737 4219 4763 684 4169 4971 4337 4395 3617 984 3888 5000 4238 2531 3973 4305 4314 3827 4314 1069 4517 4665 1932 4277 4980 4446 2305 4698 3934 4955 3630 2304 2330 4387 3293 4570 4990 4592 3823 3227 4900 4861 4038 1942 4845 2368 3420 4853 4845 4954 4069 4241 4445 2435 2169 4568 4477 3169 4640 1908 4840 4418 2633 3320 2947 4519 3780 4057 3981 4960 4585 4549 4957 4944 2804 3696 3900 4967 3961 1475 4873 4752
50 96
4981 4654 4874 4712 4296 4219 1446 4867 3306 3525 4711 4877 3782 3549 4958 4987 3175 4918 3932 4671 4822 3132 3940 4496 4661 4978 3008 4944 4831 2911 2324 2815 3555 4744 4821 1621 2982 1452 2412 2701 4642 1116 3712 4298 2758 4171 2126 3474 3238 3181 4692 4875 2855 3587 4912 3638 2980 4687 1598 4656 2119 4707 4305 3021 992 2615 3338 2838 3772 4377 3014 1368 2666 3654 3865 2925 3268 3226 4964 3424 3941 4624 4169 4827 4163 1748 3999 4511 4927 3929 4176 4198 4128 4174 4877 4168
4613 4594 2538 3938 2238 4720 4516 1926 4901 905 2865 3264 2157 1759 4617 2534 4070 3833 4838 4253 4802 2154 3105 3763 4833 2972 2068 3451 4426 3613 4623 2524 4763 4468 4749 4328 4891 4692 3923 338 4894 4554 3119 4533 3999 4313 3925 4605 2932 4892 2715 2657 3834 4683 4947 1058 4977 4544 4354 4830 3899 2163 4731 1039 4720 1839 4821 2022 2296 4606 4622 4793 2982 2781 3164 3710 1076 2190 2373 4954 4940 4996 2957 4584 2088 4190 2042 1401 3225 4232 4225 3347 4911 728 2588 3507
3330 4395 4128 4348 3383 4509 4727 4407 3342 4518 4289 3767 4029 2812 4395 3634 3090 2778 4871 2845 4550 3293 4944 3428 3545 3423 4969 2598 4691 4065 1945 4758 4016 4702 4115 3471 4064 4579 4641 4943 4430 2205 4249 4728 4240 4556 4840 3592 3674 4989 4372 4731 1525 2016 4629 2865 3395 3911 4905 4514 4902 3073 3322 4167 4347 1727 4811 3938 3930 4503 2615 4023 4429 4126 2507 4377 4928 3394 4236 4642 2490 2643 4794 1711 3928 2241 3075 4917 4920 2097 4992 1916 2700 4056 4101 25
2673 4426 3929 3222 3859 3764 4248 3021 4964 3494 4678 4924 3242 4981 1800 4760 3121 3805 3981 1366 1797 1094 4201 4723 4529 4065 3466 4726 2154 3472 4394 4686 4567 4809 4725 4964 3495 4322 4917 4323 3380 4953 4980 3230 2420 4472 4962 4630 2925 4660 3423 4761 3962 4953 4661 3407 2371 4977 789 2744 4222 4309 3798 530 4419 3836 1977 4359 4733 4919 4086 4932 4716 4794 4940 4464 2467 2781 3525 4499 4633 3345 3960 4724 4079 4171 4936 4815 4895 2606 3007 4335 1862 1645 2589 3830
1304 3879 2980 2294 4219 2305 4951 4783 3665 3367 4708 4256 2340 4993 3654 4624 1740 3062 4571 4522 4690 2882 3734 3757 2664 1131 3069 4249 2705 3117 2247 1738 3325 4579 4237 4860 4858 4680 3310 2338 3880 3563 4943 4978 4937 1263 2616 2060 3595 3737 4350 3440 4104 4975 4987 3883 2851 4974 3862 1093 3388 3175 4189 4672 4580 2712 3864 3671 510 4867 3199 4669 1655 4689 3404 4868 2641 3084 2365 3594 4765 3620 3910 4234 3336 4450 3737 2742 4421 4249 1872 4872 2362 4692 2806 4501
4869 2572 4838 3296 4679 4594 1086 186 4785 4603 3906 4950 4764 3853 4452 4916 1381 4060 4672 3082 4308 2850 3943 4939 4708 4961 2743 4092 4838 3586 3031 4116 1028 4475 4436 3401 2458 2222 1583 1967 3390 3814 2028 3347 2553 2006 4974 841 3105 1976 4008 3055 3894 4778 5000 4593 4267 1155 3970 2139 2928 3203 4411 4666 4145 4316 1201 3459 4812 2486 4309 3316 3134 1351 1691 3414 4482 3991 4727 4410 4589 3037 1451 2377 4886 3326 1103 4786 3199 3876 1557 4505 4988 4891 3377 2648
2343 3377 4496 2671 3400 4906 4901 3870 3786 1434 4842 2737 4918 4457 4511 3816 4953 3631 4226 3522 2938 2722 4965 4962 4929 1795 1635 4456 4277 3506 911 4604 2591 1048 4053 2585 3747 4457 4386 1743 3574 2622 4824 2398 4609 3701 3002 1750 3824 4468 4664 4886 2904 4597 4826 1698 4921 2986 4971 3062 4798 4810 4446 4846 4321 4818 3308 3889 2555 4019 902 4943 3254 1849 3318 2263 4855 1556 4422 2381 4969 4743 4936 4888 4462 3937 2938 3145 3556 3888 1670 3249 4528 2134 4136 4679
3808 2601 2957 3761 1616 3390 3831 4873 2332 2620 3867 4243 3757 2045 3883 4943 2146 897 4113 4231 4585 4907 4152 4957 3686 3838 4659 4875 2709 2691 4136 4771 1113 3928 4502 3460 3823 4653 1295 4935 3751 2766 2573 4773 3738 3353 3232 3220 4614 3973 3839 2661 4774 3702 4351 4584 4309 4813 2943 4908 3172 4405 4471 4995 2135 2445 3112 4914 2954 3961 4806 4321 4527 4193 3470 2270 2090 4727 1233 2488 3595 4420 3227 4677 2978 1714 1702 3246 4751 4933 3457 3386 4057 3774 3360 2133
3379 4826 3024 3945 4946 4887 4861 4791 4281 4231 4231 4122 3966 4992 3998 1823 3349 2314 4850 3188 4740 392 4335 2727 3660 4175 3620 4135 1307 4295 4628 4097 4548 2301 3264 4832 3985 4568 4471 3138 4984 3455 4760 3094 2520 1178 4424 3842 3363 4037 4922 4584 1456 4948 4977 3106 4101 4081 4461 2938 4082 4258 4403 2614 4441 3477 3557 4377 4619 3475 1609 3385 4966 4304 4513 3294 2357 2297 4701 3728 4082 4576 2660 4942 3530 4685 2760 2672 4069 4965 3376 4406 3771 4145 4735 4855
4834 4693 4639 4119 2594 3096 355 3878 2886 4583 2989 4754 4923 4702 4993 3004 1880 4896 2629 4959 2633 3899 4966 3450 2208 2114 4720 4347 4749 3883 3250 4026 4368 3021 4982 1210 4827 4190 4260 2444 4956 3526 4885 3973 4937 4442 670 2447 4601 4569 2771 4955 4650 3505 3701 4151 3010 4993 3828 3341 1897 4962 4641 4989 4965 1333 3894 2766 1787 3588 4343 4540 4964 3470 4991 4599 2450 4945 1093 3981 3504 3065 2440 4151 4919 4671 4068 4625 4710 3456 3145 4881 2865 4511 4976 4859
3219 2769 1266 4525 2596 4781 2497 4655 2304 4567 4484 1101 3003 2293 4367 2802 4906 544 3958 3459 4548 4294 1926 2652 2760 2824 4746 4587 3234 4024 2260 837 3224 2658 3870 4760 4983 2019 3748 2074 2906 3737 2297 3926 3215 3172 3084 4754 4796 4180 4041 3454 3812 4705 3670 4514 4470 3972 4212 3114 4876 4149 1400 3628 4530 4207 4808 4762 4546 4653 1791 4601 1596 4053 2286 4479 4619 230 3168 4576 3787 3886 3241 4536 2822 3065 4715 2294 3058 4266 4897 4344 4583 4792 4985 4220
4685 3648 4740 3931 4476 4032 4840 783 2472 4949 2909 4601 3085 4380 1627 3604 1748 4869 3801 2581 2326 4395 1838 4299 4847 2820 2501 2447 3775 4955 4512 4254 4917 3681 3567 4457 3007 4872 4711 4872 2749 3085 4956 4331 4384 2658 905 4922 3555 4886 3422 4915 2598 4938 3852 4289 4548 3065 4643 1021 4213 4967 1584 4228 3944 4065 4893 4501 4861 4551 4012 4632 2358 3069 3358 1273 2881 4884 4727 4389 2665 4120 4671 4155 4915 4971 3847 4551 4883 2773 1627 4137 2677 3723 2599 4922
4784 4787 4881 4767 4619 2972 1858 606 3288 2693 4520 2800 3426 4374 3590 4286 3953 2629 3575 3428 2038 4501 3417 3273 3138 4095 2656 4237 4312 4302 4589 2169 2321 1861 4310 3031 3006 4424 4688 4903 4201 1831 3330 4882 2763 2670 2154 3939 4687 4831 4559 4333 4245 1340 2490 3583 3221 3056 433 3202 4959 4458 3961 2595 4595 4337 4763 2924 2641 2947 4826 3644 3962 4530 3192 3998 3717 1938 2859 2866 4695 748 2720 2239 4712 3977 2510 4340 4861 3851 4269 2461 4828 1151 2349 4219
2482 4934 4933 3597 4932 2138 3952 4480 4074 2892 3734 4991 3693 2481 4377 4102 810 4107 4569 4706 2574 3622 917 2769 4835 3474 4425 4978 3419 1607 4985 4848 4621 4932 3144 4945 4589 4896 4632 1064 4856 3561 4567 2484 2379 4998 920 1012 4985 4858 799 4647 4995 4466 3951 3939 3291 4677 2941 4887 4046 4524 2683 4589 4472 4617 3062 3733 1914 4060 3392 2679 3902 4464 3677 3306 3701 4169 3968 2963 3362 321 3906 4106 2342 3702 4055 4051 2577 4769 3415 1828 4030 3873 3261 3198
4998 4707 4646 4882 4583 3677 4363 3201 3748 3800 1905 4971 4284 3096 2675 1660 3091 1987 2716 3641 2308 3629 2847 4928 3041 3917 4970 4948 3906 2271 4811 4294 4997 4211 2606 4872 3724 2383 3495 2344 4954 3617 4945 4332 4242 4567 3953 4561 3699 3783 2684 3787 4903 3475 1829 932 4875 3638 4096 4303 3960 2490 4900 3537 4571 4952 4429 3053 4983 3064 4958 3483 4213 3685 3659 4028 4868 4715 2744 2687 4400 2342 4964 3787 1493 3527 4977 2552 2978 1218 4998 4926 1255 4885 4934 3056
4364 1770 1934 3906 1957 2721 3622 3332 4481 2085 4652 3360 1589 3696 2299 3091 2032 3327 3981 3632 4994 3790 4699 1526 4468 4455 4331 3972 2332 4090 3030 2857 4740 4971 3293 1714 2350 3332 3506 2483 3726 4772 2405 4683 4969 2194 4143 3930 4247 2668 3557 4303 4524 4684 1701 2494 4921 4950 4791 3225 4464 3694 4488 4941 3768 4890 4919 4675 3695 4990 4599 4327 4360 4929 3598 3016 4393 1557 4414 4152 4547 459 2180 3259 2180 4528 4978 427 4025 1665 3452 4941 2290 4832 2337 3261
1992 2556 4410 1797 2713 4775 1910 3658 4150 3290 4745 1745 3032 4543 4110 3337 2052 4113 4498 2328 4677 2471 4690 4604 3246 3375 4889 3587 4900 2491 4155 3804 975 3563 2688 3512 4090 4251 4174 3013 4293 1558 4036 4775 4625 2481 4034 4387 4893 3911 4555 3813 2482 3903 4918 4892 4766 2588 2896 3631 4939 4682 2143 4508 4746 4743 4056 4677 4281 4526 4697 3526 3543 4877 4702 4974 4203 3074 4630 2808 4928 2995 2707 4980 2766 1848 4790 1332 3138 4791 3992 4577 3469 2242 3545 2508
4373 748 3475 3264 4351 2968 2331 2889 2370 4910 4433 2030 3696 3663 4497 3575 3139 4927 2921 3679 1838 4434 3283 4982 3706 4940 3168 2334 2063 3063 4580 3954 4034 3247 4661 4660 4667 3148 4993 2403 2967 2571 4312 4543 4684 1403 4439 3592 4825 4694 3393 1769 233 3467 4967 3721 4841 657 1694 4445 3667 1632 3855 2751 4921 3541 2719 4508 5000 4687 4967 4538 4189 4035 3983 3615 4156 1309 3513 3747 3898 4978 4288 4414 2891 4975 3188 4755 4928 2219 3547 2854 4715 3054 2380 3413
4273 4520 4723 4974 1691 4809 2477 4725 4450 4289 4431 3490 3588 2261 2891 4492 4960 4029 3028 4853 3976 3855 4775 4881 3070 3832 4928 4805 4593 1539 4781 2453 4482 2522 4271 4045 4556 3859 3971 4614 4486 4675 2387 3784 4957 1755 3012 4925 4719 4999 4764 4126 2254 3050 1192 4391 4472 4356 4636 1837 2364 4051 758 2758 4122 3429 3504 3707 2573 3343 2467 4318 4232 589 3557 4292 4695 4991 3396 3848 3995 3901 2255 4587 3515 4622 4061 3546 3061 4283 3437 4859 3712 4407 4974 3136
2889 4167 4479 3683 3254 4543 1036 3810 3725 1301 3434 4366 4340 4791 4561 2933 4884 4642 3105 4221 3316 2420 4696 4313 4908 4714 4640 4920 2422 3771 4520 3278 4982 4204 4900 2504 1992 2690 1768 4160 3417 3242 4924 2109 4763 1565 4992 2690 4401 2547 4587 4900 4558 4960 2576 4917 1698 4826 2561 4919 4680 4632 4044 1470 4216 4558 4563 4913 4727 4962 4982 2480 3568 3662 4947 4050 4794 4992 3123 3953 3847 4735 3318 3702 4747 1877 1990 4528 2723 3271 4061 3066 2832 4757 4870 1387
1988 2679 4613 4706 2093 1647 2634 2179 4098 1785 2749 4147 4248 4971 3982 2967 4431 2901 4438 4538 2661 2822 1642 4773 4985 4368 4798 4316 4617 4173 2231 4848 4907 3560 1951 4685 2448 4943 3474 1730 4777 3540 3195 1196 4996 4431 4329 3131 2692 1158 3249 4215 4597 4928 2486 4537 2604 2485 4307 3026 3576 3987 4385 3465 4759 1657 4457 3267 4620 3094 4661 4932 4436 3097 4526 4262 2786 4808 4354 3158 3210 4586 4217 1686 4880 4862 4136 2578 4894 4461 3275 1129 4252 1810 2126 4540
4163 2955 535 4802 2410 4928 4490 3742 3547 2839 3274 1833 4565 4481 2031 3261 3606 1075 3731 3722 3724 4629 4753 999 4143 1730 4609 4798 4605 4562 4967 4173 3880 4832 4305 1266 3264 4681 4463 4181 4974 3807 2757 4831 4937 3728 4876 3993 4399 4765 3399 3344 4509 3797 4853 4942 3314 2906 4256 3942 4983 4598 4739 3328 4874 4967 3899 3118 3123 4677 4646 4862 3432 4829 4948 4900 4921 4691 3307 3892 4906 4740 3612 3981 3974 4195 4027 3234 4916 4990 4902 4944 4060 4277 4068 2938
4467 2789 3483 4779 4661 661 4624 3695 2167 3850 2289 3958 4250 4461 2379 1408 1039 4965 4375 1864 4892 3463 4223 4079 4380 2315 4252 4983 2079 1737 4697 3892 2816 4832 4699 2027 4909 2251 4110 4909 2255 3631 1813 2314 2945 4126 4354 1607 3079 4894 3560 4717 3092 4046 3524 4238 2541 4854 3813 4691 4861 2732 4990 3328 1650 4958 4810 4033 4849 3825 3908 2077 4793 4706 4910 3520 2862 4580 4430 3061 3045 3554 4051 2427 3805 4230 4218 4338 904 3159 4837 4164 4818 1537 4080 4135
1677 2954 4703 787 1601 3645 4842 4025 1293 4866 4668 4990 4041 3175 4279 1555 904 1358 2663 4157 3442 4273 4966 4110 4587 4749 2486 3238 4134 4951 898 4996 3603 3257 2364 4660 4145 4869 3206 3059 4300 4989 1732 2312 3673 3270 1579 4126 4528 734 3424 4965 1428 2977 3870 4681 4756 4422 3914 4244 4082 2542 1742 3327 3628 2633 3728 4840 3122 4080 4296 1724 4773 2883 3515 4474 4995 4929 4295 2673 4268 1282 4273 2053 3068 2446 4101 4225 3045 4134 4892 3263 2877 4876 3002 1538
4248 4559 4890 4491 3813 4918 4985 3031 1238 1171 3102 2685 3469 3904 3812 2886 1587 4578 4985 4559 4057 2112 4867 4892 422 2496 3882 4401 3645 3565 3840 2314 1162 4789 4741 4422 2130 4501 2549 4825 4251 4386 4345 4552 4751 3013 4986 4941 3757 4820 4454 4188 4658 3580 3603 3023 4410 4912 2461 4797 2612 4774 2747 4885 1625 4199 4563 4573 1730 4172 2487 3105 3695 3957 4883 3996 2595 3169 3550 3594 4189 3770 2724 3270 4967 3050 3426 3260 4977 2539 2895 2741 4641 2870 2808 4303
4927 4287 2608 4950 3911 4971 2601 2502 2766 4487 4406 4294 4302 4975 3905 2997 4950 4985 3085 4261 4905 4475 2153 3340 3773 4491 3169 3906 4847 2064 4548 2923 4323 4816 4950 1373 3370 4167 3805 3893 3033 4778 4518 4889 3559 4460 4960 3825 2231 4938 1797 4829 4133 4584 3638 4730 4413 4551 4834 4680 4218 4759 4233 4688 4897 4757 3919 3506 2355 4687 4832 4404 3447 3891 4049 4038 2108 4378 3553 4811 2884 3374 4956 3744 4895 3928 4573 3902 3510 3854 4485 363 4382 4142 2896 4945
2820 4215 3124 3375 4432 3932 4987 4694 3424 2766 2754 4092 3684 4335 2431 2462 4536 620 4298 3069 3933 3173 4959 2243 4840 4317 2882 3261 2950 4642 486 2813 3951 4782 2592 4472 4108 3915 1375 4531 4279 3814 1945 4903 1144 4780 3426 4832 4903 3351 4822 3728 4172 4925 4255 1623 4967 2548 4723 3109 2329 4117 4580 4287 1757 2687 4458 4635 3760 2432 1797 1871 4798 3635 3717 3903 3610 4951 1980 4810 4012 4016 4981 3929 2877 4721 2769 1311 3557 4369 1985 4421 4613 3683 4923 4462
4515 3972 1451 4920 3800 4963 2525 581 3919 4721 3319 4217 4663 4070 4708 4984 4005 3853 3060 2748 4469 2169 4717 4550 4169 4161 2461 2873 4055 3142 3236 4086 2983 4549 2177 3919 4853 2681 3803 4180 3181 4967 3027 4654 4029 3014 4987 2594 4194 4170 2142 4761 4761 4891 4964 2796 1775 1195 4276 3801 4826 4774 1704 3445 3181 4375 4596 4361 4062 4123 1250 4635 2829 1297 4917 4310 3329 2040 3911 4101 355 1873 4596 1180 1957 2429 3392 4924 1948 3012 4467 4033 4518 4987 3331 2830
1171 3246 4446 980 4031 4450 4576 2139 3322 4656 4675 3805 4145 2024 3534 4100 4920 3247 4151 3170 4297 3604 1933 4455 4596 4080 2441 2956 2620 2692 3791 2287 3192 3675 4912 4398 2287 4058 4468 3999 3003 4857 4136 4303 4667 3936 4288 4797 4445 2973 4870 2979 3764 4639 4511 4465 4997 4040 4599 4851 4855 4912 2214 4432 2786 2338 4848 4519 1594 2212 4405 4871 4945 4160 2256 3017 3578 278 3240 4834 3287 4580 4732 3208 3815 3161 3145 4929 4576 4493 4680 4360 4407 3717 4740 4925
4816 2561 1880 2869 4878 3111 3786 4813 3760 4907 2320 2784 4849 3234 4566 2780 3972 3041 3087 4648 4973 3920 3854 2825 4821 4907 3759 4811 3458 2753 1631 3986 3125 4740 3268 4643 949 4992 4480 2288 4955 4814 2068 4199 4954 3107 2021 2237 3408 2466 4432 2843 4985 4539 4414 2608 2471 1935 3731 858 3980 4086 4787 3458 3241 4737 4216 4955 1356 3748 4924 4454 4310 2942 4665 3918 4903 4882 2897 4677 3038 2279 4046 4651 2837 1468 3112 4531 3579 2313 4647 3000 4778 2719 4329 2100
3729 2560 4313 4380 4897 1843 4104 990 4878 4964 4754 4172 4910 3508 3067 3328 4545 4474 4931 4975 4867 4630 4225 4331 4388 2375 4292 4997 3996 2831 4737 1839 4927 4558 2728 4934 3023 4139 2860 4656 4711 4794 1601 2951 4739 4503 1919 3985 4591 2636 2203 2430 4588 4784 4350 2581 347 2734 3163 942 1846 3739 4756 4633 4673 3289 3706 3669 2662 3307 4180 3721 3254 3388 1826 3367 305 1328 2130 3193 2859 2931 2161 4381 857 3444 4211 2171 1829 4678 2084 4264 4501 4807 3929 4548
3022 3474 2717 1480 4402 4859 2181 4540 3940 2343 4775 2971 3206 4924 3595 4547 3057 4301 4306 3459 3431 4932 3920 4854 2382 3891 4633 4207 3707 4997 2900 3339 3474 3649 1796 1000 4987 4398 2599 3145 3960 2305 4367 4690 3554 3424 4547 4844 3147 4731 3843 4508 4345 4042 4988 4901 4707 4607 3928 2763 1065 3202 3520 2630 4779 4584 4000 4709 4986 3643 2109 2731 2873 3159 4977 4233 3550 1719 3971 3720 1219 4979 4010 3560 803 4608 2157 3883 4653 4919 4653 2978 3831 3306 2813 4949
1354 4175 1289 4575 4294 4110 4838 2358 2635 4620 3432 4700 2800 4743 1330 4206 4833 4363 1471 4740 3387 4363 4211 3939 3191 2352 4895 3324 3422 3902 2431 4508 4463 4869 4495 967 749 2858 404 4292 4692 3991 658 964 2635 4450 4438 2208 1375 4923 4481 2527 4829 4069 4638 4411 3247 4837 4951 4730 3269 4901 3615 1942 2192 3035 3889 3891 4249 3341 3722 4159 992 3794 3008 3569 4725 4544 883 2234 2144 1935 3555 2650 3993 3207 4743 2974 2151 3974 4890 4172 4740 4858 3317 3981
3011 3830 4036 4601 4812 3446 3370 3216 2040 4453 4541 4359 2457 2799 4163 2045 3836 4349 2496 3962 3019 4933 4967 4780 4125 1548 3664 4855 3978 4536 4991 4295 109 4903 467 3526 4733 4867 4873 4630 4328 41 2068 1458 4853 3085 2343 3682 4095 4774 4062 3863 4885 4195 3900 3214 2582 4661 4214 4933 4253 4895 4944 4235 4760 2959 3800 2136 4989 4476 2906 1886 4161 3028 4584 3448 4440 2081 3261 4551 4554 4601 3823 4305 3635 4279 4336 3032 2237 4982 4075 4872 4850 4293 2568 2848
4668 3944 4501 4951 4808 4427 4998 4809 4147 4567 3733 4306 2653 1718 2475 4998 4742 3684 4032 4711 4898 4488 3452 4989 2503 4525 735 4422 2656 4852 2851 3971 4885 3084 2745 4669 4957 3115 4606 4262 2931 4464 522 4472 2128 1339 644 3675 4814 2328 4073 4927 4675 3787 4129 4213 2681 4200 4806 4024 4842 3302 4596 1941 4420 3752 4836 4568 3807 4962 3944 4352 4183 4927 4735 3365 4186 4505 4456 4736 3841 1464 4876 2221 3813 4798 1377 4557 3230 4719 3469 881 2273 4109 3652 4454
3255 4804 3055 4493 3765 4495 4438 3509 4396 1564 4276 3817 1637 4425 527 4968 4510 4986 4968 4820 4867 3640 4256 4512 3790 3623 3359 2453 2316 4970 422 2482 1666 3793 4288 4470 1391 4977 4011 3425 676 1634 3336 4257 4322 4225 4686 4442 1010 2174 4945 4841 3101 3566 4427 4584 1654 4963 3904 2477 4887 4512 2838 4509 3728 4289 3833 4842 3997 4980 4957 4502 4125 4399 4971 2712 2301 4973 4909 4150 2021 2875 3990 3757 4527 4884 4803 2096 4929 3560 4593 1109 4811 2271 2253 3904
4090 4646 3235 4320 2534 4921 3603 4177 3616 4326 4065 3729 4951 1539 3750 2871 4282 3990 2910 3155 3740 4829 4890 2710 1541 4849 4790 4843 4710 3736 3267 2639 4083 4087 3034 3723 4632 4938 3742 4025 4434 3574 4536 4469 3222 4445 4395 1908 4815 2424 4488 4804 4793 1166 3611 3670 4853 2468 2311 731 2777 3952 2869 4676 3463 4891 4683 4588 4493 4326 2691 4976 2387 4535 1334 4607 4991 4946 3494 3958 1387 4848 4447 3336 4364 4149 4242 396 4138 2113 1905 3072 4486 3985 4268 1854
4643 4547 4197 4708 2540 3463 4680 2385 3001 2386 4798 1166 4994 3519 4631 3037 4726 3682 4783 4526 1907 4519 1917 3117 3600 2237 4888 4309 4497 4407 4431 2315 2411 3242 4598 1580 2951 4188 2027 4559 4535 4313 2629 4984 4476 3423 1986 3854 2044 4506 3723 4647 2016 3057 4676 3610 3829 4184 3324 4921 4354 3626 4209 2604 2986 3402 4284 4976 3070 1791 4886 421 2239 4864 4849 2297 4973 3915 2819 3995 2504 4609 3789 4276 1917 2140 4691 4969 4921 1878 4319 3382 3958 2964 3645 4970
4791 4957 2526 3115 4237 4851 2433 3491 2970 517 3725 2193 4672 4640 3559 3470 3291 2969 3926 1825 4558 3576 920 4813 3781 2921 4973 2786 2393 2404 4299 4665 3399 3289 4637 4513 816 4843 4558 549 4078 3713 4154 4725 3643 1125 3766 2836 4933 1995 2482 3719 4382 3010 2864 4678 3028 4027 3781 4835 1759 1389 4199 3121 3004 4425 4469 1036 2872 4567 3527 4924 2256 2212 4470 3011 1940 3116 3460 3753 3247 4592 1847 4048 4512 3770 4516 3446 4538 4979 5000 3655 4181 1372 4200 3173
1984 4398 4667 4439 1703 4029 4937 4828 3057 957 4350 3218 4013 4917 4301 4746 4462 4577 4990 4444 3922 3866 951 4482 1435 2542 4837 3755 4661 3760 4358 1446 1615 4627 2924 1827 4867 4334 1546 3089 3835 4946 1908 3323 4865 3536 4881 1469 1297 4210 3816 4243 3866 4798 4091 353 3458 3304 469 4929 4516 4902 4964 4221 2367 166 689 4525 3157 4264 3377 4868 4093 4884 3239 3787 1370 3981 2756 2418 4156 4532 3964 4953 3279 4746 3392 3892 4775 3638 3458 4924 3441 4258 4835 4861
4577 4333 3392 2944 3862 4685 2073 4460 2051 4229 4878 2495 4420 4998 4736 3614 2358 3834 3733 1666 2922 4697 3085 4219 4004 3881 3120 4562 3572 4320 3430 3144 3447 2286 4998 4532 3898 4430 4829 4911 4850 4658 2060 4514 1143 1635 1742 3895 3605 3512 2801 2370 4887 4627 4973 4681 923 2231 4160 3883 4839 4465 1777 4104 1427 2614 3330 231 2453 2410 4363 3768 2204 3383 4824 4997 4852 4584 241 4787 4817 4713 4986 4670 4696 3647 4664 4925 2834 4389 4751 4635 4371 3663 3706 3482
1853 4861 3929 3698 4835 4229 4787 4981 4779 4943 4327 2004 3148 4247 4953 4650 4048 4759 4988 3787 2202 3813 3593 3121 4963 4125 2288 2993 4131 4698 4810 3692 4963 2549 4089 2724 4492 1355 3601 4213 4952 4934 1319 4880 2562 3652 3914 3699 4373 4857 4789 4186 1700 1368 1228 4396 4949 3333 3169 2871 2887 1007 4315 4821 4631 3814 4913 4757 4117 4847 1977 3668 4363 3957 4600 4039 3627 4359 637 3056 4683 3781 2239 4384 3067 4763 3944 4825 4843 3897 3530 2934 3173 3783 4019 3591
4701 4264 4860 2406 3823 4634 2495 4222 4693 4922 4332 4313 2872 3993 4655 4559 3718 2031 3512 4856 4919 2902 4456 4066 4230 4014 4844 1855 3015 5000 3714 4364 4408 4946 3365 4252 4789 2666 4364 4901 4975 4941 2772 4558 3180 4999 3164 4991 4987 3790 1451 4566 4091 4209 4119 4503 4126 2865 4172 3973 4757 4648 4413 4997 2533 3295 3233 4969 3191 4712 4049 4439 2804 4990 2581 3860 1799 801 1872 4832 1982 4538 4955 1992 4378 3662 4165 835 3944 4723 4946 4829 3212 2921 3031 3813
4629 2496 2880 4718 4284 4615 4977 771 4526 4034 1299 4795 1648 3207 4873 4102 4297 4938 864 3036 2517 4718 1884 2529 4443 4990 3113 4762 3632 4257 2752 3563 4590 4904 3735 1875 4892 2991 4456 4578 4640 4356 2065 4334 1776 3469 4053 2761 4452 4997 4989 2926 2405 4985 3526 3980 2681 3936 1265 4877 2924 3975 4602 3225 1386 3366 3374 3729 3384 4782 4674 3156 2738 4190 4785 3004 3734 2814 3647 4660 1399 4756 1682 4262 3181 4256 2905 4786 4968 558 3343 4795 3872 4438 3095 3819
3899 4876 2903 4879 4251 3743 2228 4609 4585 4933 3251 4960 3350 4901 4966 4908 4496 2525 4699 3136 2880 4986 783 1458 2274 881 2513 4397 3485 4761 3264 4496 2298 3305 4974 4847 4669 3685 2040 4530 4600 3513 4537 4085 4351 3905 4752 2074 3915 4179 2473 3669 2515 4321 3873 3990 4800 2493 4599 2428 3285 4199 4778 3804 3900 4085 2629 3757 4598 4152 4758 4135 4320 4145 4853 3993 4644 4607 4541 4811 4960 883 2301 3066 3481 4661 3304 3853 3012 2104 1772 4247 4018 4845 4953 2192
2857 3215 3810 3655 3719 3852 3852 3244 4127 2482 4777 3181 4095 2234 4416 4517 4710 4258 3396 3832 3519 4232 2804 4138 3575 4224 2097 2506 3204 3879 4527 4676 4055 3270 3861 3379 4451 3583 4210 3805 4073 3828 4412 2008 4724 1548 4070 4791 3179 2185 405 4770 4608 4716 4924 3777 4536 3715 4689 4485 4802 4975 643 3850 3823 3911 4570 4253 3856 2074 3268 4708 4534 2523 3829 3727 4587 4128 4738 2813 2998 1398 4378 2605 2145 4993 3293 2261 3662 1376 4582 4647 3796 4806 4707 654
4966 2984 609 4712 3500 4305 4725 3643 4309 3994 4891 3115 2733 4941 4483 4329 4932 4857 4742 4079 1281 3032 4809 2855 2735 3142 1987 4857 4930 3662 3663 4346 4758 2724 2236 4317 1885 4012 1421 1578 4564 3391 2651 2673 4169 1888 4571 4918 3257 3855 4762 2663 2056 1654 1078 2279 4774 3777 4754 2440 4009 4739 4916 4204 4240 1639 3566 4583 2057 2877 3404 4695 3654 3037 4828 3277 4234 2224 1828 4653 4963 4381 2745 4799 1460 4995 3382 4138 2015 4596 4698 3959 4568 1358 1281 2705
4734 982 3851 2856 4027 4593 1920 1310 4898 4516 4904 2895 4815 4873 3519 3724 4756 4808 4908 4025 4675 3176 1283 4023 3173 2978 4631 2266 4452 2538 4657 2436 1156 1265 4044 2712 4429 4196 1730 3274 2387 1102 4822 3256 4279 2164 4968 4125 963 3095 4887 4119 1960 3327 2457 4428 1522 4593 3950 4029 2432 4357 4296 4410 4623 4613 2670 3605 4465 2878 2935 4998 5000 3996 4866 4530 3121 4328 4723 4657 4880 4269 4138 3317 3915 4521 4870 4646 3383 1494 2789 4517 4984 3277 3415 4715
1480 3069 4921 3623 2935 2470 4864 2471 3425 4660 2718 845 4079 4734 2138 3742 4995 2721 4758 2773 3482 4459 3706 2315 4180 3748 3836 4360 3228 3493 4125 2217 2874 2073 2847 2937 4904 1714 4852 4829 2038 3269 2822 2573 4745 2712 1134 4565 4229 3901 2776 2864 4813 4905 4782 3599 2669 4308 4987 4875 1042 730 398 2869 4863 4092 4591 3930 2918 3913 4493 4985 2562 3458 3464 2348 3452 3730 4761 3759 3895 3520 4495 2167 3839 4807 1475 2419 2656 3993 4962 4199 2141 4331 3439 3749
4892 3460 3233 3366 4238 4896 4213 4152 4787 2385 1923 4134 3402 4718 3259 3660 2974 4842 4938 3355 2795 3545 1467 3617 4211 4986 4067 3404 2758 2676 1588 4954 3162 2063 2478 2193 3061 4683 4797 3764 4574 3314 4605 4741 4892 4892 2541 4747 1323 4918 4342 2715 3088 3604 4423 4341 3393 4990 2697 1828 2880 4792 4956 3974 4331 1933 4877 4838 1866 4578 2200 3116 4814 4321 1371 4243 4629 4126 3793 3122 4872 3271 1961 1888 1961 4795 4990 4872 4110 4313 4009 4312 3182 4777 4500 3530
