2
49 100
4665 2052 1299 3586 4612 4373 3467 3075 2501 2112 3014 4617 4363 4998 4563 4872 3886 2735 3781 2380 2104 2878 4724 4846 3837 4218 4331 4368 4298 2370 2628 2917 4858 3019 2154 2133 4372 3926 2781 4631 2909 4894 4493 1372 2928 1240 2400 3815 2439 4517 1104 4671 3075 4092 1620 4893 4850 2454 3309 4949 4993 1665 4897 2894 2095 2701 3476 4995 482 3581 760 3992 4075 4634 4538 3755 4444 3334 4972 1075 4617 4920 4877 1974 4954 3941 4234 4966 3194 3770 2806 2926 3234 2885 3877 3950 2287 4051 4031 3992
2226 3767 2599 4709 4947 2250 4394 3221 4734 2212 4978 769 2335 4993 4941 4690 4223 3016 4971 4795 4883 4762 2439 2075 4148 2501 3778 2173 1870 2558 4999 1591 2365 884 3458 3324 4665 2406 4895 3974 2314 4451 4052 2117 3023 3266 1590 3368 2785 4714 406 3603 1177 4146 4980 4810 2552 3914 2627 4274 3130 4932 4577 4527 3351 4539 3074 4786 4038 4836 4141 2840 2462 4553 4095 4984 4262 4546 4241 4089 3985 1520 3860 4621 4226 2505 3345 2259 4273 4714 2349 1220 4709 4676 3190 3120 4516 4272 2949 4020
4782 2041 1743 2423 2349 4720 4618 3012 4594 2434 3794 4818 4959 2442 4440 2603 2342 4830 4614 3717 2958 3714 4249 4172 3480 3498 718 4143 2777 2323 4353 3609 4201 4493 3664 1869 4240 3074 4226 3583 2127 4745 2347 3722 3662 4841 4804 401 3476 3283 3385 4069 4236 2830 1454 4320 4980 3223 2802 2833 1477 4138 3907 4842 4479 4963 4970 924 3574 4752 1609 4509 3736 3530 4586 4899 3003 3246 4340 4791 2150 4848 3577 4408 3802 4289 3202 4692 3202 4772 3710 2342 2708 4269 4775 4413 1978 3008 1143 2342
4995 3358 3785 4471 4413 2570 1491 4739 4968 4980 3747 3902 4148 2125 4990 4172 2770 4124 2434 4333 3028 3746 3957 2419 4894 4091 3765 3506 2896 4139 4216 4770 2187 4173 3938 4618 1580 2978 4127 2247 470 3010 2618 1726 3398 4804 3844 4241 4974 4308 4878 4519 4720 4135 2731 3861 3951 4123 2558 4035 3938 4826 4747 1875 4835 4900 4948 3002 2869 3755 4934 4369 4648 4799 3990 831 3977 4244 4625 4433 3768 4420 3439 2170 3253 3604 4343 4942 4745 3324 4909 4433 564 4586 1601 2956 3899 2553 3200 1183
3489 3760 3860 4465 3270 3987 2672 3786 2143 2847 2345 4217 1850 4931 3007 4940 4425 2667 4067 3942 4989 4686 4912 4512 2478 4245 2552 1291 3590 3310 2568 3886 2315 4463 4747 4997 3857 4348 4890 3877 4287 1049 1721 3590 4509 2529 4979 4613 1116 3745 164 3194 2949 2859 3092 4460 1338 1348 3144 1184 4610 4702 3826 3688 4769 4439 2946 3862 4996 4746 4860 4593 4611 4120 4262 4827 2278 4668 4916 4051 3904 3083 3784 4100 4970 3341 4139 4813 4670 4740 3955 3556 2189 4098 4464 1420 4693 4973 4498 1212
4599 4810 4405 4172 4987 2170 4311 3689 4906 2468 2295 2190 4335 4959 4329 325 4343 578 3253 4960 4862 3743 3006 4346 2401 4896 2686 3202 4846 4634 2425 4406 4696 3255 4770 1836 3759 1104 4383 2883 4346 3178 3797 2583 2713 4297 2073 4604 1655 2005 4776 4321 3988 4295 3970 2236 4817 809 4748 3212 2576 4959 4657 2794 3970 3445 1645 4224 4037 2853 3610 4648 2930 4606 3236 2825 3577 408 4878 3359 3420 4870 4734 3200 1945 4598 4938 2323 4945 2771 4077 4417 3045 4019 1675 1615 4617 4926 3642 4520
852 4682 2905 4823 2170 4368 3684 3919 4868 4941 4084 4851 4497 4912 4316 4788 2822 3887 3348 3385 2581 4722 1150 2966 4831 3302 1949 4462 4665 3669 4172 4699 3022 2864 4557 3019 3512 3399 1672 4193 4305 3514 4593 4318 2741 4935 2915 4983 4390 4837 3859 1000 4733 2729 4651 1539 4506 2457 2843 4401 2742 4747 839 2963 4927 1335 4239 4554 3444 1978 4738 4276 2368 2060 2335 4443 3906 4913 4793 763 3619 1179 3379 4008 3992 2146 3516 4732 4208 4629 2016 4904 3795 3677 1952 3333 4316 1179 666 1457
2440 3960 3642 2715 2674 3894 3756 4416 3709 1574 3911 3930 4820 2200 4181 1523 3594 2968 3788 3778 1020 1752 4709 3617 4240 4419 3918 2879 4404 3785 4912 2825 1814 4217 4428 4529 4938 3779 4426 4421 4807 4913 4735 4909 4405 4716 4017 4731 1956 2840 2104 4210 1133 4247 3416 4797 2349 3161 4227 4587 1094 2772 4814 4755 1428 3681 1941 4253 4057 4233 4941 4395 4848 4813 2034 4916 4309 1170 3004 2397 2037 3617 3490 4727 3275 3552 4958 4883 4831 2587 4980 4977 4704 4555 4481 3406 4362 3513 2887 1075
3972 4707 4440 2380 2106 4266 974 4510 4622 4358 4472 4868 3876 4932 3426 2191 3322 2378 4747 3711 2407 2703 4899 2919 3011 4317 4129 3736 2326 963 4897 2809 1647 4760 3207 3723 4712 1887 4862 3679 4537 2987 2648 4745 3879 4509 4985 1291 3720 2894 4539 4381 3946 4315 4168 4658 4005 4691 4784 2532 2830 2901 3853 4090 2820 2432 3788 1488 2532 2833 3453 5000 3791 4644 3535 4137 4298 2284 4878 1576 3039 3863 4706 4935 1444 4243 4113 4991 4951 3932 4912 4335 3378 4276 2472 4263 4893 3967 2083 4223
1980 3447 4852 4637 4813 3709 4848 2950 4409 4516 4561 3610 4968 4470 2196 2891 3226 2843 2470 4139 4790 2954 2762 4755 4963 4996 4764 4762 1681 1129 4302 1304 4993 4199 2126 4986 4497 4590 4957 4531 2895 3478 2775 2676 4526 4950 3359 1460 4613 4083 3303 4759 2841 4847 2557 1828 4994 4721 1734 3960 2767 3469 4385 3734 2785 4408 4712 1683 4045 2853 885 4333 4700 1314 3562 2760 2665 4258 4643 3086 4153 4848 4951 4336 4745 4732 2645 3964 2638 4697 4076 3473 4435 4293 3964 2674 4568 4776 3214 2052
4523 3462 4070 4160 4705 4758 2423 2359 4284 555 1565 4789 4824 1673 1865 3728 2914 2861 3689 4670 3466 4586 3448 4754 4986 3624 4907 2789 4912 4587 3567 4660 4158 2722 2879 1517 3977 4987 1715 4509 4122 3796 4318 4892 1509 4944 3729 3371 4560 3566 4420 4964 4185 4346 933 3870 2003 4134 2285 4741 3961 2720 3997 3373 4153 1584 2687 1695 4142 2612 4853 4348 4495 4928 4918 616 4702 3412 2117 3461 4282 4892 2339 3011 4864 4585 3149 933 3254 4732 3504 4649 4471 4706 1740 2660 4689 4991 2953 967
2825 3712 4978 4487 4470 2551 2708 3902 2121 2608 4734 4999 3941 3911 3097 4266 4706 1714 4119 2377 4671 4582 4998 4472 3609 4501 4014 2720 4306 4654 3706 3700 4505 3703 3476 4289 2757 4322 1608 2108 4884 3469 4311 4843 4219 4713 2796 3778 3506 2262 3137 3064 2672 1895 3392 2690 2716 886 4591 4955 4955 4941 4229 2565 3734 4356 4977 4807 3738 4150 4459 4985 2054 4896 4696 4186 4667 1398 3671 2852 4405 4572 4100 4832 3867 4751 3378 3486 2854 4661 4803 4325 4438 4700 3457 4379 1772 3576 4065 4645
4684 3424 3952 4285 4739 4983 4160 2229 2013 1388 4232 4729 3238 4716 4730 207 4726 4050 2857 4423 1524 1035 4363 4225 3553 1231 4050 1114 2409 4851 4975 4855 4874 4287 3460 3707 3902 4270 1982 3599 4833 3816 4555 4848 4938 4450 2907 3322 3863 4378 2517 3581 2908 3764 4913 4625 4528 4859 4590 2777 4228 4688 4790 4731 2285 3444 1651 2010 4761 4293 4647 4421 4950 2709 3114 3194 3444 4402 4991 3748 4930 4858 4421 2234 4264 3424 3294 2848 4932 1030 3229 4719 4119 3272 4989 4233 4764 4855 4969 4585
3072 3364 3214 3503 3817 4923 3424 4916 4185 3211 2523 4919 4114 2465 3831 4499 3042 4123 5000 4998 4965 1048 4767 4031 1914 418 3623 3048 3917 4993 3822 2457 3820 1341 3865 4754 4717 2862 3997 4593 4850 1503 3850 3309 4047 4903 4829 4124 3586 1939 4924 4089 4470 1252 4994 4426 4989 1052 2653 4852 3167 4835 4304 2406 2941 2225 1647 4251 4644 2756 2669 4746 3822 1917 3124 4839 4620 4548 4746 2163 3733 4718 2510 4856 4715 4905 4149 4081 4854 4302 4892 3050 3136 829 4346 4949 4396 4950 1728 4067
4852 4561 3970 2213 4907 4719 1564 4307 519 4382 2911 4252 2815 4774 4153 1126 4585 4595 4232 4833 4971 4265 3174 4472 3346 3350 3682 2310 4310 4676 4275 4483 4931 4544 4509 2417 4269 3427 4533 3288 2388 4383 4765 4675 4725 2039 2936 4875 1610 3609 617 2018 4772 2292 4866 4620 1061 3060 334 4629 4948 4472 4605 4969 4898 2814 3936 2681 4588 4311 4571 4907 3501 4322 3007 2453 4936 4946 3945 4717 4687 4574 3974 3102 4996 4472 1296 4569 4922 4698 4795 2941 4208 3911 3934 4240 4892 4428 2893 837
3590 3795 2077 3854 4004 4302 4161 3328 4424 4998 3576 3591 2263 2638 4910 2546 1754 4851 4858 4629 3598 3973 3445 4862 1959 1256 4937 4653 4733 4992 2312 2417 4038 3601 4406 2926 4577 3511 4916 4647 4154 3206 4914 3359 4842 3906 4387 2999 4851 2137 4946 4052 3859 3362 2414 4318 4828 3881 4184 4350 4467 4226 3564 1616 3385 4012 3446 4844 1542 3922 3921 4970 3613 4951 4159 3493 4643 4438 3195 4349 1915 4566 2602 2870 4736 3354 4462 4714 4705 3414 3014 4365 4046 4998 4318 2680 3726 4101 2834 3988
3607 1162 4031 4828 3396 4862 1216 4238 4808 3124 3706 4994 4101 4750 3088 3850 1200 4984 4125 4227 3576 2978 4348 1091 4444 4337 2702 2109 4938 2770 3110 2997 3479 3642 2446 4344 4567 4901 4871 4399 2457 4662 2224 1446 4729 4980 4663 4982 3200 3321 4524 1894 2836 4662 4489 3540 1366 4646 3888 4937 4489 3900 3378 3149 2302 3940 2894 1945 4477 4947 4210 389 2252 3409 4852 4970 3037 4910 4200 2143 4404 4069 3346 4973 4598 4926 4526 4900 3855 893 4507 4675 4565 4418 2184 4840 4974 887 3180 3216
2426 3498 4997 749 2336 4826 4022 4574 3488 3994 3378 4691 3955 4691 3130 3526 4981 3600 4929 542 4612 3748 2264 3412 3771 3898 4812 1671 3842 4513 3922 659 4326 2872 3800 2700 4973 4377 2406 4495 4367 3188 1598 4414 4997 4366 3054 3544 4974 4743 1685 4033 4461 3615 5000 4969 4146 799 3491 3142 4319 4228 4839 4924 2073 3949 3933 3135 3988 3358 3962 2839 1395 2678 4253 4750 4639 4871 2977 1916 3814 962 4932 3164 4844 4710 4647 870 2968 4407 3476 4914 3225 3028 4752 4034 4859 2651 4485 4948
4853 4759 4598 4598 1421 4925 976 3623 1595 4693 1426 4403 3017 2819 4219 4010 2967 3321 3657 4966 4417 4599 4616 4565 1910 4905 3982 4818 4065 4500 2182 1881 4461 2645 4450 4434 3948 3242 3678 2014 4259 4805 4108 4163 4769 3390 3055 4444 4316 3217 4910 4832 1366 4605 2586 3936 4807 3772 3369 4262 3645 2534 2289 4783 4254 2862 2925 4496 2674 2761 2765 3655 3999 4775 2631 3918 4460 4086 4674 4878 3763 3497 2845 3405 4282 2858 4179 4076 3367 3022 1542 4926 2959 4143 3233 3524 2461 4888 2643 2081
3834 4589 3563 4606 3266 4262 405 1913 3326 4534 3536 2710 4727 4866 4837 4749 4418 4924 3979 3417 1655 4791 4056 4525 4755 4943 1475 4474 4706 3367 4868 4916 4832 4436 2950 4148 4914 4253 2451 2416 4935 4902 4992 4960 4978 2473 3947 1488 4313 4978 4618 2853 3136 4588 4261 3961 4512 2275 765 4959 495 3789 4914 4021 4861 3878 3773 3863 3622 2043 4690 4029 4428 4924 4854 3686 1985 4655 2342 4227 2323 3952 766 4696 4980 4464 2046 4910 4020 3627 3381 3003 3818 4921 3811 3343 1648 2741 3811 3920
4100 3938 3524 2020 4948 4377 2708 2211 4495 4685 1285 2812 2909 4191 3656 3058 4618 4779 4910 1736 1355 3125 3867 3378 4997 4344 4553 3293 4218 3938 4753 4794 4190 4098 4882 4454 4777 4959 2861 4067 1498 2457 2763 3870 4362 4410 3627 3804 4390 2931 3855 3976 3417 4497 3174 4823 4796 2457 2405 4918 3927 4919 4245 4769 2729 3195 3731 4988 4912 3494 1914 4854 2783 3125 2009 4676 3913 4844 4119 2582 4349 4100 1778 4455 4648 343 4798 4861 2666 3277 1796 4508 4108 3526 4504 4856 4686 2930 4895 3787
4067 4331 4541 4946 3955 4844 4372 4475 4932 4295 3136 4852 3764 1896 3115 4993 4881 4987 4718 2622 4636 3038 2035 4606 4425 4330 4990 3490 3601 4874 4502 4677 4877 4953 3421 159 4888 4113 3898 4584 4201 4037 45 3071 2638 1880 3219 2982 4682 4871 1974 4030 4868 1915 2865 2501 3653 2216 4923 4559 4638 4779 3557 885 4269 4963 2684 4800 2834 669 2424 3414 4184 1859 3961 4161 4476 2912 1272 3538 3820 4812 3449 1077 4696 4585 4777 1685 4809 4113 1846 4430 2611 3834 4685 3741 3577 999 1705 3920
4462 4269 4449 1564 4359 4306 1573 4543 4719 4659 4146 4944 2622 4961 3885 4783 3925 2634 4994 2421 4193 4948 3659 4425 4254 2856 4653 3970 3986 2601 579 2390 4353 4436 4923 4043 2902 2648 3490 1829 3972 2505 4891 2237 3480 2078 2075 3972 3496 4951 4971 4176 4839 1747 4741 3559 3136 4478 2653 4636 4226 4389 4734 4865 3365 3771 4138 4253 2993 4630 4779 4712 4214 4875 4968 4944 4601 4192 4161 2270 2851 4116 3865 1558 4317 4927 4992 4523 4728 4903 4723 4498 2949 4631 3947 3825 4407 1003 2091 4980
843 4149 4592 2201 2971 4232 3915 1929 4494 266 2014 4760 4558 3517 2635 4498 4375 3945 4647 2660 3740 2585 4048 4939 1785 4658 4652 3810 1198 790 4020 4886 2185 4042 3652 4270 3845 4968 2752 3861 4555 3073 3653 994 4102 3823 4728 1970 4650 4861 4556 3468 4952 4339 4954 4986 4523 2099 4718 4930 4737 4710 4770 2892 1513 4962 4511 4100 4801 4680 2372 4670 3513 3117 4663 4996 4151 4379 4898 4643 3772 1454 4735 4881 4285 2701 2123 818 4882 4978 4830 4824 4588 4878 4028 3936 4857 2165 4863 3892
4988 4762 3520 4566 3324 3572 4136 2516 2738 3720 4771 3529 1535 4208 3346 4120 4897 4960 4661 3010 4075 3711 1787 1140 4343 3016 4402 4655 4165 4007 3820 4983 4857 3392 4875 1595 4094 4783 4796 4402 4994 1526 4761 3993 2634 4029 4756 4060 3773 3645 4841 3967 1122 324 4350 3256 3137 4950 2464 3405 4541 2333 4096 4915 4388 2884 4691 3739 2957 4192 4990 2587 4835 4354 3294 2245 2269 4034 3376 3682 3091 1410 3435 4518 2482 1917 4968 3736 4216 1422 4929 4640 4062 4287 1591 2563 3183 2890 3950 4217
2752 4934 4783 3031 3913 4481 1269 4879 2851 3993 3262 3695 3266 2415 4008 4401 4749 4214 4861 4785 4715 2844 3631 3900 2709 3429 2647 838 4289 3213 4863 2767 3543 4251 4198 2947 4713 4805 3519 3352 2448 3557 3936 4675 3143 4926 1805 1902 4022 4723 4975 2022 4812 2021 4675 1820 1035 3913 4948 3408 4996 4506 4139 2760 3523 3597 4417 3546 3909 4615 3502 3944 2936 3311 4614 2737 4883 4973 3343 4723 3545 4822 3832 4342 3771 3510 4295 4879 3353 2293 4050 4010 4492 4648 3424 3056 4990 2248 2035 3633
2014 3537 2943 3605 3641 2828 4995 4532 3399 4253 3407 4876 4943 4088 2465 394 2738 3157 4919 4888 4735 4530 3063 3968 4436 3923 4388 4858 3611 4922 1946 3628 3743 2555 4575 2716 4871 3979 4891 4758 4788 4784 3996 4552 4399 4500 4558 4246 4694 3347 2325 3473 3465 4616 4872 4679 4442 657 4704 4647 2998 4603 2685 3403 1163 418 631 1647 2652 4010 4390 2289 2346 3941 4711 3283 2209 4901 4182 3812 4956 4609 1742 3193 441 3828 2389 3492 2381 4164 3317 2200 4658 1945 4454 4510 4957 4040 4789 3301
4281 3986 4513 3201 2496 3199 4208 3548 3638 516 4108 4730 3346 4448 4818 4098 1039 1003 1582 3755 3714 3780 1017 4785 4948 2333 3587 4479 2678 4613 599 4519 2415 3807 4009 4674 2677 2138 4169 4929 2789 2334 4178 4942 4612 2330 3754 3201 4286 4812 4834 3621 2625 3638 3243 4500 3996 3410 4794 2514 3539 3467 4883 3171 4217 4519 4946 2839 4817 3038 4781 624 1587 2346 4780 4843 2846 3542 4843 3557 4197 4720 3450 2409 1472 4497 3842 2445 2522 88 4683 4466 4795 3411 3587 4997 4336 2475 4465 3977
4980 3599 4306 4511 3826 4143 4139 4747 1538 2117 2452 1627 859 4055 4979 4495 4167 4591 4730 4620 4465 3900 4904 1492 3473 2647 3881 4791 4934 4097 4570 4836 4456 4906 4881 4228 4906 4685 1138 4710 4983 2451 3601 3817 3809 3503 2251 4488 2922 4109 3825 4979 4373 3262 4352 4020 1717 4682 3979 4991 989 2410 1912 3988 4527 4598 3265 1276 4303 2323 4777 4780 2942 4794 4893 4632 3013 3759 4614 4674 3720 4194 4077 4184 3322 4616 3879 2822 693 4824 4295 4998 3829 2110 1935 2047 1435 3999 4729 4367
4489 4072 4970 1985 3489 4262 4614 3737 3113 4959 4926 4716 4934 4705 4782 4256 4930 4445 4770 3392 4656 3418 3059 3470 3788 4377 3794 4208 4858 4436 4622 3920 4949 3817 4820 4887 2716 2941 4181 4473 4836 833 4785 3500 4094 2406 4817 4308 4158 2060 4765 4932 2990 1596 4029 4923 4754 3971 4597 3964 4575 4273 4668 4846 4789 1460 4090 1558 4975 4250 3712 4946 3693 4388 2030 3851 3854 2355 3614 4587 3172 3045 2640 2351 2855 4271 843 3282 4008 2660 3754 4992 4452 2827 4789 4358 3108 4499 4047 4786
2922 4033 2769 3490 3163 2993 3968 4613 2870 4224 4223 4924 4781 4923 4806 4563 2917 1888 3972 4897 2123 4975 4350 4190 3606 4483 3845 3310 4171 2279 2374 2448 4430 3110 2774 2555 4731 4930 4092 3846 980 4795 4201 3377 2691 3452 3305 3967 2318 4250 3439 4735 2374 4155 3560 4292 4976 2949 2793 3720 4066 1089 3367 4281 4707 4781 1685 4685 4687 1769 3841 682 2989 4359 4427 3330 4537 1524 2120 3840 4199 3275 4842 2701 3427 4781 4744 3279 4252 4855 3363 2761 1524 3344 4904 4714 2101 4269 4879 4602
4288 3422 4117 3686 4005 3999 4883 2380 4869 4671 3485 2733 1779 673 4811 3363 4404 3770 2527 4074 3849 2071 2432 4037 3794 4127 2775 3687 3510 3912 1416 4489 3553 2866 4913 4362 3262 4838 4621 4783 3691 4504 2638 3054 4654 3719 3272 1948 4889 4288 1714 887 4489 4659 2186 3370 4590 3309 4474 4761 2886 2618 3375 4856 2746 4528 4987 3777 4604 1098 3590 4821 3773 4995 2929 4212 3795 2640 4664 4912 5000 4619 4941 4002 4650 3534 1960 4796 4963 3358 3857 3925 4858 4624 4276 4551 4840 3848 3836 2702
3131 3950 4993 4242 3451 4022 4898 3263 4507 1788 2450 3698 4313 4316 4124 4611 4636 3201 4386 3382 4994 4941 2950 2906 4936 4979 3108 3340 3988 4855 2340 3905 4374 4850 4290 3798 3978 4122 4032 4832 3040 4971 1199 4145 4365 3654 4715 2585 4571 3920 3216 4803 4693 3944 4063 2884 3064 4431 4942 2544 3977 3973 1755 3435 4927 4802 4870 4682 4669 4111 4515 4729 4876 4678 4804 2688 4584 2654 4454 2835 4470 2971 460 3692 3859 4847 4242 4517 1315 3013 3260 2795 4352 2914 4457 4487 4734 4173 4675 4961
3444 4674 4906 1594 2594 4120 4920 4318 4250 2124 3552 3452 4320 1376 4955 4041 4598 4728 4996 1585 3811 4308 4561 4522 683 2618 4822 949 4031 2947 4434 4381 4863 2899 2535 4687 2677 3491 3200 4963 4088 4791 3236 4654 3873 3570 4985 4139 4850 2734 4332 1506 3980 3397 1319 4697 3448 4096 3482 4232 4914 3375 4233 4273 3284 4118 4505 2955 3030 4920 4679 4078 1104 4092 3763 4994 3856 637 4587 4457 3636 4932 1292 4993 4510 4082 4852 2459 4237 3844 2264 4857 4904 4642 4247 4584 2225 4328 3969 4616
4915 1045 3377 1719 4862 3478 4870 3409 4803 4734 1921 2249 3732 3841 3770 4974 465 4805 4990 3586 2803 1230 3825 1988 4699 1759 4895 4399 2032 4996 4655 4844 3719 1800 2268 2505 4264 4970 4881 831 4599 4788 2043 3203 4926 4148 4685 4945 4169 4336 2879 4938 3810 1686 4424 3646 3290 2018 4926 4036 4945 4955 4939 2142 3642 4573 4554 4846 2094 2164 2668 4592 3837 3492 1985 4891 4742 4596 4792 2420 3912 4660 2263 4148 4936 4844 4989 3972 4550 2729 4736 4135 3491 4562 2406 3273 3833 4319 4011 4903
4913 4574 2791 4970 1501 4381 2510 2926 4620 4806 4379 4339 4401 4604 4482 3033 4031 4409 4305 1506 4064 3769 3199 4507 4855 2648 4450 1391 4059 2986 4996 1292 4973 3781 4383 1253 4027 3722 3211 3567 4969 3599 4042 1349 4041 4592 4022 3558 4402 1564 4265 4432 3749 4831 4983 4161 3603 3509 3908 4295 4570 4676 2008 4633 2051 4431 4223 4761 2381 2851 4794 3898 4682 3154 3154 4673 4387 4968 3242 3606 3583 4029 4187 4958 2073 4916 4256 3238 4101 4999 4477 919 4134 2604 4281 1208 4881 2179 4136 3991
4702 4906 4464 3759 3248 4376 4356 3146 3749 3866 4152 4988 3768 2951 4661 4953 3464 4924 691 4782 3224 2851 4279 4814 3802 4168 4718 2582 2460 4078 4758 4531 3423 4746 4780 3205 3268 3132 4870 4679 4811 3214 3060 4865 1649 1145 152 4588 4283 4644 3615 4459 3761 3949 2244 3425 2049 2785 2650 2345 4980 2130 4465 3496 4771 4585 4125 4958 2065 3946 4949 3334 2025 2272 3958 1912 3844 2780 4655 4425 3203 4110 3374 4630 4312 651 4133 3688 2532 4921 4084 3809 4872 2983 2198 3607 4201 4832 2617 4646
2229 3342 4331 4698 3664 3584 3853 1539 4403 2228 3202 1942 4811 4629 4952 3013 4788 4653 1754 4531 4913 4886 3918 4652 4141 4398 4157 4403 4331 4501 4996 3336 4798 3016 4958 3832 4045 4901 2337 4061 4186 3888 4852 4474 3902 4943 594 4855 4761 4880 4775 4586 4855 4093 4740 3145 2527 3384 2594 4920 4317 2485 2324 3805 3001 2803 4857 4943 4646 4164 4967 3361 4675 4498 4494 3453 2566 2187 4570 4412 3465 3227 3124 4537 4559 1547 3568 3711 709 4991 4699 2831 4924 1047 3251 4609 4929 4986 4218 4851
4422 2509 4642 1485 3225 1807 4980 3130 1214 2953 703 4899 4625 4850 4019 2317 4749 3651 4068 4834 4289 1196 2849 4964 4171 1528 4059 4611 3871 4523 4528 3981 2286 4452 4234 3669 2691 608 4369 4168 4824 3666 3473 4683 4804 4598 1712 2733 4029 3496 3916 4836 3763 3034 3912 2944 4298 1965 4848 4701 4943 2903 520 4091 3867 4926 4912 3265 4336 3696 4969 4458 4527 3035 4999 4235 4412 4824 4985 3962 2136 4097 3069 2171 4620 3798 3790 3830 2067 1219 4503 4999 3364 3513 4931 3021 2236 3877 4124 1612
3077 4974 1971 2465 4166 4842 4708 4999 2252 2587 2714 3410 4397 4629 4272 4210 4439 4564 3485 4748 2529 4157 3752 4808 4238 4278 2776 3704 3410 4616 3865 3397 352 4281 3959 4204 4598 4355 4979 4860 4155 3110 4266 4684 4364 4819 4700 4743 3446 4311 4806 3849 3203 3925 2711 3663 1761 3993 2108 4626 3524 3719 4334 2951 1564 4594 3630 4908 749 3769 3212 3302 4302 2444 2228 4638 3061 4952 4463 4995 4905 2906 3663 3337 4862 4517 3683 4827 2762 4075 4150 4963 4829 4458 4755 1731 4564 4499 2926 4801
3733 2843 4129 4426 3470 3347 3780 4151 4663 4738 4617 3782 3938 2442 2069 1632 4147 4928 4602 4999 4963 4976 903 4730 4954 4907 4367 3416 4444 3377 1053 3945 3086 2644 4258 4930 3121 4322 2829 2451 2291 4639 373 3455 4355 4760 2921 3813 3535 4168 1401 4592 3903 2940 2248 3946 3618 788 4915 4941 4354 4476 3362 4309 4741 4478 4528 4627 4027 4303 3298 2293 1485 4877 4057 3693 1697 4465 4226 3818 4619 1573 3398 4668 2036 4622 4621 4949 3149 4867 4926 2587 3371 3038 4406 3693 4423 4316 4816 3142
4088 1354 3691 4539 4941 4486 2904 4351 735 4715 1774 4769 3463 1930 4853 3211 4829 2153 2457 4667 2119 3757 4894 4073 1576 3104 3767 1978 3861 4872 2706 4616 3115 4821 4447 4138 4753 3195 4926 4812 2712 4714 3237 3305 4231 2334 4857 3837 4364 4715 3796 4691 4356 4863 3061 4362 4977 3134 1579 3367 4881 4424 2694 4658 3978 4547 1011 4820 2141 4866 665 4661 4560 4947 4415 4895 2108 4469 4847 2367 2704 4873 3538 4080 4139 1049 3406 4531 4298 4698 3920 2904 5000 3855 4207 4981 4357 2456 635 3829
2692 4351 3117 3711 3340 2890 2582 4954 4975 3546 3801 3370 3596 4919 4833 2113 4726 3511 4032 3280 4423 4850 4089 4289 697 4290 2999 4652 4407 2541 4788 3384 4444 3351 4869 4678 3926 4544 4419 3204 2690 2748 983 4122 4588 4505 2928 4949 4503 4079 1385 2726 3764 4439 3826 4892 3852 4860 1639 1785 4690 4200 3433 4989 4398 4375 2965 2310 4760 4174 4201 3573 4832 4177 4675 3753 3569 2783 2869 4267 3193 4611 3862 4447 1658 3138 3725 4966 3820 4981 3302 2683 2912 4022 2978 4829 3331 2499 3368 3783
4255 2045 2233 4732 4637 4456 2807 4665 4617 716 4984 4927 3671 4022 4456 3068 2816 4983 4781 4397 4913 4961 4994 3076 4998 4799 4833 1226 4852 1262 2533 4699 3330 4075 4604 3886 4021 3594 4971 1856 2065 2850 4330 4517 3946 3971 4792 2682 4859 4564 3388 3541 3011 1736 4641 4641 3115 4489 4962 2273 681 4849 4972 321 2400 2733 2129 4402 3097 4438 4114 3955 4193 4247 3926 4003 3114 4471 4864 1628 4992 4874 2432 2792 4526 3320 3964 3034 3275 3531 2872 4526 3741 4836 4584 3551 1178 3822 2405 3235
4968 2315 908 3663 1732 1275 3456 4025 3338 4014 4134 4117 3517 4130 3300 3682 3912 4088 4608 3776 4908 1840 3501 1578 2866 3908 3144 3448 4793 2686 4985 4753 4144 4523 4966 4079 3237 2284 1616 3988 4459 3827 412 3979 4778 3524 2460 4218 4897 4914 1339 2024 4629 2863 3937 3533 3275 2798 2837 4816 2947 4527 3550 3874 4680 2688 3802 4634 4108 4046 4945 3757 1137 1331 4852 1368 3388 4395 4695 4788 2301 311 975 4346 3061 4775 3185 4162 4871 3112 2461 1407 929 4950 2827 4967 3644 1977 4474 1294
3112 4972 4528 2827 4996 4871 4982 3705 3356 4778 4799 4800 594 2482 4039 3440 2476 4777 2840 2509 4320 3637 4401 4668 4618 4250 4692 4646 3919 3745 4249 3176 4682 4795 3717 4994 3963 2370 4990 4295 3978 4178 2364 4566 4133 4843 3426 367 4459 3133 256 4996 3944 3228 4912 4518 2959 3863 2607 3740 3721 3840 4804 3733 2242 4985 2494 4874 4878 2300 4285 4389 4853 4830 4863 2955 3566 2017 2470 2171 1349 1116 4879 2323 4052 2304 4321 3493 2925 1130 2536 4631 4299 1835 4082 4095 4929 4889 4574 1289
1607 4547 3043 2530 3762 868 1366 4915 2777 1203 4065 3534 871 4993 4166 4972 3982 4740 4990 1079 4749 4686 3256 4195 4858 4549 3689 3508 2269 4114 4064 4659 4930 2745 4891 4546 4072 4799 3706 4853 4863 4597 3986 3552 2997 4418 3701 714 1427 4991 4115 2968 4730 4891 2640 4733 2776 923 3803 4608 3934 4289 3564 1151 665 4858 3640 4898 4992 3213 4926 2882 4142 3592 4937 4054 4688 4573 4780 3971 3133 4938 4806 4680 3484 3363 1817 826 4976 3682 3709 4664 2051 3221 2158 4063 4939 4603 2750 4538
3131 3601 3774 1410 3168 4732 4923 4472 2781 3524 933 3443 1798 3300 4845 4595 4654 4347 3376 4247 4375 4195 4257 2187 2052 4338 3653 3266 2046 2599 2381 2522 4221 4975 3656 4350 3946 4726 3529 2317 4435 2490 4584 3357 3504 1546 2066 2575 4530 4992 3956 3647 4158 2678 1856 2020 3459 2632 4486 3979 2670 4654 4279 4678 1934 4737 4614 4939 4857 2269 235 4531 2335 4639 4850 3804 4251 3610 4973 4116 4358 2210 2680 2283 180 2707 1248 3028 4506 4453 2075 4564 2579 3506 2688 4939 3933 4965 1981 3584
3094 4823 4977 4938 3803 469 3805 4651 3030 3109 4720 3841 3875 2915 3462 4597 4223 4676 1426 2590 4472 2717 1534 4948 4909 4953 4796 4894 4702 4859 4417 1148 4733 4235 3792 1249 4880 2168 4619 2122 4846 4413 2053 4706 4410 4996 4907 4934 1516 4421 4992 1340 4839 1377 4889 1325 4067 3474 4975 427 2586 1980 3248 1887 3333 4831 3965 4212 4178 4424 4761 1453 2538 4901 4148 2838 2178 2819 2436 4590 3863 4870 4071 4334 3402 4252 4799 3399 1930 4267 4631 3663 4936 4862 4939 4744 2622 3552 4735 3085
40 93
4889 3538 4975 3897 4719 4135 4929 4730 2573 4188 4418 2152 4052 4245 3824 4829 4137 4960 1689 4264 4970 1869 4329 2308 4420 4920 2395 4542 3908 3181 4649 2665 3873 3053 4606 4752 4297 4978 1706 4302 4947 4547 4786 4955 4610 4815 4328 4761 4798 3242 4150 4916 2782 4962 2097 4959 4327 4975 4122 1968 3748 4917 3636 1371 2853 4495 2701 3729 1867 3269 1890 3982 4660 3761 2375 3331 5000 2230 4748 4370 1599 2694 2608 4642 3210 4413 4105 4368 3514 4608 4573 4359 3825
3269 2912 3901 3550 4535 4231 3980 1012 4818 4193 4623 4540 4820 4519 4054 3678 4490 4156 3166 4839 2098 4759 3990 4071 1781 2747 4500 4369 4872 3927 587 4755 4633 4267 2460 3831 4779 3181 4892 2005 3547 4842 3629 4895 2015 3608 1974 3110 4216 3289 3873 3256 491 3671 2668 4322 3838 4433 3373 2262 2099 3146 1729 4718 3494 3056 4829 4463 3126 3204 4715 4757 2710 4895 2564 3277 2482 2281 4661 4807 4405 3645 2853 4248 4144 3853 4979 4892 3665 2208 4711 3423 4336
4762 4440 4783 4769 4880 3429 563 2963 4977 4957 2823 3978 3712 4873 4619 2043 4503 4909 1996 3262 4776 4942 4178 726 2401 3918 3438 4683 4149 3172 2857 2253 2927 1522 2371 2685 3049 2508 4595 2726 4056 3421 3876 3115 4962 4966 4861 4363 4742 4051 3933 3116 3115 4519 3347 4810 3547 3450 3088 4868 4917 4872 3504 4633 3303 3040 3322 2855 2729 2973 3092 4653 4926 3588 274 4101 4378 4971 3269 4470 2918 3696 3533 2034 4065 3899 2802 2890 4124 2334 760 1766 2742
4698 4491 1948 2400 450 2497 1993 4844 3690 4776 1346 4056 4999 4636 4783 4284 1912 4758 4972 4617 3684 3659 3612 4922 4106 3778 829 4615 4415 1834 3275 3862 4052 2518 4860 4786 4483 4615 2766 4330 4184 4544 3779 4899 4156 3357 4758 4195 3941 2132 4717 3981 1438 4841 3951 4594 1946 1850 1455 4732 3710 2169 3156 4991 4510 4580 3659 4192 4295 3690 1399 3603 1878 1059 2241 2584 4758 4790 4632 2288 2309 3347 2665 2492 4318 4561 3450 4737 4641 4051 3459 2579 2909
3250 3304 1786 3919 4453 2463 3410 4351 2194 4988 4383 3604 4626 4697 1393 4527 4964 2964 2865 4950 4667 2944 4298 3605 2938 3842 1214 2448 4572 3468 4552 4853 2753 4383 1871 4534 4655 3414 224 2817 2064 3449 4423 4524 3876 3848 4864 2467 4515 2953 2983 4901 3835 2831 4901 2889 4936 4503 4084 4086 2526 4962 1544 3724 3281 4913 4631 4236 3669 3648 4129 4779 1709 2086 4650 4563 1649 4889 4897 4949 4957 2725 4952 4690 812 3750 4404 1233 2581 4754 311 2998 4068
2836 1154 2852 4912 4222 3159 4802 4288 4106 2486 2737 3651 4557 3778 4175 3899 4738 4451 2469 3257 4797 4687 4607 4293 4953 4861 3746 2458 4586 4959 3988 4861 3060 4855 2199 4918 4952 3626 3927 2294 3435 4905 3630 3069 1469 3189 3469 2149 4962 4839 1536 2421 2717 1675 3697 961 3594 2529 2131 1542 2788 4122 4969 3637 4181 4604 3850 4785 4527 4156 2576 1792 3321 3172 2079 2310 4764 4149 1696 2616 4869 2634 3511 2855 4919 4121 4203 1717 3094 1273 3562 4961 4446
4537 901 4358 424 3652 1182 3642 3035 1428 3691 809 4973 4216 3462 2589 2450 3923 3407 2416 3730 2909 3359 1586 3587 4263 4472 2815 3842 3188 4982 4977 4505 4525 2575 973 3084 2981 4566 4800 4029 2855 4445 4543 4390 4521 3739 2990 3300 4624 4217 2848 4494 4181 4819 4569 4873 3601 3509 4681 4623 3879 4990 4232 3257 2879 4273 4415 3102 2733 3781 4916 2603 3069 3889 2524 4739 3730 3292 4139 4942 977 4354 3040 3954 2980 4957 4965 4851 3353 4534 2209 4925 4627
3876 4579 4552 3878 3290 1629 4960 875 3568 2953 3404 4334 4011 4456 4378 2626 3282 3406 4957 1453 4558 2509 2481 4472 4916 4924 1603 4667 3095 4429 4885 3510 4088 4795 1399 4155 2458 3988 4959 4687 4154 4880 4774 4942 4813 3408 4467 2568 4870 4583 4827 4599 4892 2634 1450 2047 3956 4862 2910 4802 1734 3864 4630 306 4396 4205 4833 4323 4897 4967 3037 4778 2298 1414 2596 4554 2023 4855 2666 4814 3686 3182 4402 4615 3731 3611 3259 4024 4319 4637 4147 2599 4750
2670 4062 4615 4903 4190 3741 4516 2792 753 3768 4899 2460 1776 2933 4771 3511 2671 1715 3853 1877 1193 4765 4937 2945 1571 4299 4886 4911 2542 4988 4534 1695 2264 4290 3465 4722 4895 3824 2331 4247 4943 3124 4384 1145 4023 4863 3575 2233 2104 4980 4257 2388 2200 4217 3580 4040 3283 4449 4150 2878 4374 2639 3803 4937 2712 4493 4723 4122 2035 3138 4274 3962 4953 2850 1602 4949 3018 4721 3504 2444 4419 3525 3016 4431 4147 1980 4174 4598 4742 4473 3563 3891 4051
4478 2751 4319 3229 1638 4112 1793 4243 4460 907 4515 4330 2931 3775 3451 3162 4758 1190 1913 3751 3924 4710 4781 1241 3561 4068 3917 4868 4467 4094 1747 4737 4182 339 2087 4989 4265 4228 4998 4053 4322 4896 2976 4271 4266 2929 4864 2980 3644 4916 3667 3127 3436 3978 4515 4909 3447 3334 4640 4929 4239 3159 2536 2229 3151 4822 1746 4858 4977 3747 4434 4992 4967 1982 3251 3547 4161 3588 4763 1913 4289 3885 4203 3879 4524 2766 1971 4350 4838 4532 4935 3192 4622
3015 3812 3328 2566 3147 4551 4860 4647 4823 4305 1078 3732 2195 4684 4890 3920 3593 4273 2366 4421 782 4937 3835 4718 4828 3961 3299 3821 2127 4902 3394 2853 2343 4184 4048 2856 3197 4425 4291 2809 4755 4182 3612 4965 2888 3894 2967 2568 4742 279 4506 4781 2822 2211 4945 4479 826 2111 4820 3044 4504 3981 1354 1464 1269 1134 3025 1713 594 4176 3456 2662 3204 4923 4973 4571 4207 3618 4823 4426 4255 3260 3527 4879 2966 4647 2802 721 2871 1540 1271 4302 2987
4348 2148 4772 1615 3531 3848 3666 3034 4526 4417 2606 452 4816 4750 3043 4887 3885 4418 4546 3878 4554 2895 4184 2933 289 2574 3526 4875 4777 4778 3118 4259 1051 4774 4943 3191 4758 4984 4690 4677 3963 3955 3747 4033 1698 4122 4316 4479 4898 2858 2387 4837 2501 1901 1815 1620 416 1157 2466 4740 3408 4827 4897 4045 3073 4990 1819 4379 4727 4881 1397 4180 4778 3823 4834 4991 2077 3425 4961 4945 3778 4780 4625 3916 4855 1275 4814 4401 3207 3692 3713 2477 4504
2253 4859 4240 1256 3701 4895 1156 1885 3126 4995 2997 1417 4874 3797 4549 4003 3736 4788 4657 4349 4057 2985 4929 4837 4890 4695 1511 3113 4342 2918 3002 2138 2915 4469 4174 2898 4194 3212 4668 4786 1726 4085 4985 4469 4976 1987 4420 2674 4357 2646 2629 3060 2922 4295 4854 2745 3112 4934 2733 2335 4098 4867 3153 1436 2407 4144 3730 4636 4694 2586 3540 2318 4412 1684 4456 4727 4256 1250 3258 4274 2143 4079 4200 4437 4836 4494 3321 3085 4496 3618 4877 2317 2090
2595 4999 4280 4925 3626 3322 3597 3947 4678 4688 4352 1118 4674 4942 4856 4657 3347 4511 3319 3890 2653 438 1476 4920 2792 4692 2681 3146 4801 3017 3134 3674 3049 5000 1923 3036 4381 3749 4524 4337 775 4315 4842 4934 906 3039 4934 899 4144 4361 3292 4852 2735 4369 3230 4500 3032 4491 3873 3476 2735 2318 2919 3269 4729 4245 3978 2141 2864 2704 3215 4949 4557 4266 1622 3191 2129 3117 4655 2057 3749 1385 4809 4293 471 2164 2764 4035 3236 4256 4900 2020 4977
4676 2767 2717 964 3059 4904 636 4996 4239 4925 4676 4842 2480 4692 2661 4432 3138 3835 4337 4934 4431 2343 2896 615 4184 1852 2812 4358 2417 4224 3605 4484 4540 4049 3096 3400 3896 3786 4658 4888 4647 2944 3841 2400 4952 4620 4873 3241 1209 4104 4355 3631 4950 4690 4952 3914 646 4027 4003 4961 595 4446 3998 625 4485 3493 4770 3189 4917 2713 3259 2354 1094 3852 1933 4706 2928 4845 2858 3851 3173 4755 4223 4948 4525 3002 4869 4059 4480 2711 4106 3910 3979
4087 3134 3583 2931 2769 4404 4853 4688 4365 3819 4823 3495 4789 1684 4833 2725 3068 4882 3230 2488 4623 1633 3437 3820 3585 2735 361 3738 4282 2715 4558 4884 4506 4468 4342 4450 4951 4237 4769 2576 1989 3051 4744 4869 4939 3823 4056 1231 4836 1471 3898 4878 4677 3181 3689 4634 3804 2547 2116 2801 2789 4164 4401 4578 4590 4124 3050 4942 4222 3852 3237 4953 4417 3158 3768 4379 3845 2217 2151 4478 3921 4219 1851 4217 2014 1172 4629 4568 4681 4692 4947 3303 4883
4458 1055 2830 3535 4182 1091 3782 2446 4706 4732 4434 4890 2166 4656 4732 4172 4684 3635 4785 3794 2161 798 3878 4753 4945 4871 4843 4698 1351 4644 991 3802 4737 4280 4359 4942 4779 4324 3918 4272 4623 4234 3518 2988 2553 4210 4586 4302 3790 1340 4811 4372 2986 4034 2968 4922 1092 2355 4024 3939 3909 4829 3899 3440 2553 3236 4714 4775 4585 2900 4820 4843 2900 4345 3709 3695 4807 1009 4142 4540 4873 4029 3841 4703 4087 984 3250 3704 4781 4786 4301 4360 4205
3424 4617 4476 4457 4394 4063 4352 4222 4996 2681 4998 4924 4858 805 4930 4849 4609 1471 4517 4718 2978 3733 4060 3211 4583 3998 2216 4539 2649 4966 4470 4909 4642 4931 4883 4945 3709 4725 4784 4982 3913 4960 2617 2717 4432 1560 3632 4700 4321 2435 1628 3822 4311 3708 3338 4733 1795 2510 2508 2175 2578 4967 4421 1241 502 2648 3880 1271 2122 4717 4749 2414 2227 2166 4763 1768 4939 4652 3436 4864 4900 4200 3493 3041 3240 2281 1487 2617 4694 2265 1400 4695 4702
4560 3087 3748 4352 3958 3837 4304 4579 4260 4841 2098 3994 4399 1587 931 2698 4911 3958 4526 2682 4068 2670 4213 4620 3320 3783 4064 2363 4286 4157 3217 1941 4956 1688 4532 1134 3642 4281 4725 3750 3232 4811 1327 2559 4772 3062 1866 1589 4808 4999 4932 3294 2434 4952 3312 4986 1272 3885 4788 3773 4470 1342 4269 4141 2533 3262 1325 4492 2639 3259 4622 4398 4628 4162 3009 3744 4777 4999 2775 4985 3032 1699 3312 4871 4599 4884 924 2564 4577 2939 2528 3292 4313
4094 3532 3910 3035 3936 2550 4242 2894 2776 4994 1080 4399 4434 4764 4988 4606 4449 4600 3570 2914 4967 3731 4724 4444 3188 4437 5000 4882 2972 1438 2977 4392 3959 2909 2390 4709 3501 4460 4245 4330 2069 4180 4606 3440 2566 2609 2626 4067 2890 4782 4616 4227 1097 3238 4500 2747 1332 4506 4817 862 4862 2370 2448 3785 4897 2321 3271 899 3381 4629 4819 4748 4478 4445 2295 2322 2333 4912 1209 4266 4153 3677 4960 4101 4716 4591 4399 4612 1965 399 3245 4259 3439
4394 1768 3951 3350 4993 4925 2150 2056 4420 1683 4566 3838 4530 2051 2310 3852 4756 2775 2422 4256 4180 1931 4837 2043 3798 3613 4982 4609 4226 4039 1200 2997 1865 4243 2432 819 4789 4891 4746 4241 3540 4957 1604 4668 4418 3620 1207 2218 4835 4869 2870 2889 2730 3552 3321 3892 4814 2539 4638 3650 1686 3535 2697 1068 742 4553 3289 1246 4025 4956 4956 4355 4051 4858 4891 4455 3692 4105 2947 2067 2438 4154 2149 2894 4211 4158 3707 2789 4257 1439 1205 1645 4727
3170 3048 3650 3968 4917 4758 4606 4886 3252 1467 3378 4889 4605 3719 3130 4125 2074 2404 3015 4269 2686 2398 4769 2281 2778 4572 4988 976 4812 4662 4741 2664 3737 4455 4545 4093 4574 1999 2843 3926 2891 3012 3620 3557 4440 2230 3012 1197 3120 4686 1566 1714 3522 4960 4740 2333 4469 1703 4104 356 2519 4988 905 4788 2864 1046 3549 3970 1770 2624 1162 2439 3557 3527 2931 3159 4812 4749 4878 4198 3632 2095 2592 3865 3681 4982 3696 4947 4981 3896 4191 1993 4200
4475 2946 2685 518 4725 4670 2583 4245 3890 4883 2149 4360 4509 4255 4499 4504 4591 2000 3408 3945 4658 4041 4156 4997 4167 3878 3297 4738 4128 3320 4904 3943 1183 4580 4502 4787 4823 3395 4975 4509 2835 3398 2011 2017 3203 4880 4171 4973 4388 2643 3924 938 4784 3763 1351 2134 3740 2488 3536 4021 4487 3909 1332 4111 4013 1873 2645 974 3727 3413 4912 4806 4895 2325 4667 4609 2378 3042 4681 3240 4902 4612 4398 4523 3822 4912 2289 4469 4763 4502 2178 741 4165
4518 3965 2601 4732 3741 3521 3442 3563 2046 3379 2187 3451 2776 4033 4553 4629 3220 4481 3882 4830 2769 4358 4358 4381 261 4853 2330 973 4413 2627 2102 4852 4235 1324 3105 3227 2533 4984 2690 4464 4126 4976 4497 4268 3756 2105 3350 2183 4301 2884 3651 2767 1287 4566 4893 379 3785 4933 4495 3571 1410 672 1979 3794 4918 4287 4849 3412 4402 3368 3541 4636 2712 2013 4413 3955 4370 3742 2214 4559 3269 4915 4731 4928 4580 4910 1996 3302 2164 3831 2305 3781 2351
4966 3902 3068 3543 3531 4950 4178 3828 2745 2618 4190 4214 4094 4857 2292 4140 3555 4528 4731 4736 3073 4350 3933 4971 4631 2296 4266 4395 3340 4288 4988 3576 3783 3943 3403 2069 4482 3617 4950 2998 4781 4703 704 4685 3761 3191 4305 3746 2902 2992 2197 4036 4532 3078 4883 1456 2850 2170 4131 4270 2695 4784 3487 4648 3461 3089 3879 4340 4367 3195 4630 3661 4591 4499 2161 1643 4900 3437 2747 4843 2697 2321 2875 4803 4030 4826 1092 4658 4589 4963 3104 1345 2210
4582 4819 4597 1896 2699 4766 3807 2745 4252 2668 2776 4459 2792 3467 4923 2720 2664 2813 4527 4264 2309 4165 3699 4096 4362 4249 4981 3166 4642 1056 4572 4849 3343 3541 4955 2729 3434 2114 3464 2128 1626 3779 3151 558 3703 4911 4896 3208 2563 1374 3575 4565 710 3370 4946 2539 3954 4287 4777 2775 4889 3739 4571 2751 4390 4955 4744 3837 4534 4833 2814 3162 2949 4875 4809 4754 4962 2032 4501 992 4314 1853 2993 3835 4884 4977 3351 4922 4803 1823 1530 4603 2988
4481 3994 4641 3339 4985 4868 4218 4063 4639 3818 4886 1494 4178 3954 4592 3585 3797 3780 1579 4685 4931 4814 4657 4285 4554 1050 2125 2242 4430 4859 4882 4451 3903 1912 3522 4455 4899 1732 3531 3854 2812 4939 3594 2723 4987 615 2657 1368 3833 4262 1813 4536 1373 3720 3654 4803 3021 4900 3714 4995 2943 4299 4662 4296 3522 4775 2575 4979 3068 4986 4146 3620 3880 2414 4779 3063 706 4526 4726 3957 4970 4935 4896 3090 2674 4391 4394 1105 1987 2391 768 2972 3769
2330 3956 4934 3702 2404 4285 4831 4777 2263 4806 4789 3858 1732 2704 3747 2398 825 4944 4282 2704 3259 3264 2826 4665 4607 4968 4857 2959 2751 4620 2103 4403 4875 3343 2166 1188 2643 4742 3095 4875 4638 592 2766 4254 2929 2692 1969 2389 4530 4442 4574 2899 2787 2324 1721 4601 522 4709 4491 4868 3393 3164 3659 2812 4754 4715 3486 3800 2198 2572 4885 4946 4957 4840 4723 3810 4648 3642 1113 870 4812 2379 4503 4219 1760 4294 2428 4005 2291 3993 4126 1420 3729
4374 4427 2560 4498 1902 3735 3590 4077 2427 4576 4590 4175 3954 3384 3809 4092 4308 2196 3808 4970 4972 4247 4509 2330 4693 3451 4931 2037 4778 3176 4327 3593 4696 3686 4038 1008 4495 1649 2007 4055 3676 4642 4415 1830 2802 1587 4435 4812 2083 4180 3893 4530 900 2525 4029 4377 4528 3456 2527 3975 2979 4756 4674 4578 1655 3056 2636 4316 3211 1460 4970 3346 3716 2723 3676 4769 1673 4805 2987 4345 4094 4505 3181 3569 2687 556 4737 3733 2088 4924 4654 3580 3794
3279 4036 3847 4105 3134 996 4283 2476 4995 4592 4975 4834 3130 3754 1914 3271 4936 3855 4783 4960 1581 4619 4608 2291 2048 4712 4784 1913 3090 4898 953 4744 2953 4670 2150 4031 1529 4920 4983 4910 3151 4144 4740 3446 4724 4142 4965 1823 3721 4650 2822 2245 2221 3798 1074 3848 3152 2760 4181 4189 4906 3101 4134 4907 4942 2759 2828 4954 4979 2170 4615 4135 3228 4772 2060 4221 1976 4267 4227 4047 2122 3393 4991 3084 4240 2672 3638 3929 3358 4255 2228 3632 4991
4177 2067 4530 2318 4095 3027 2065 2926 3572 4636 3975 4688 4360 3653 3518 4993 4950 3592 4574 2906 4597 3180 3095 4778 4595 4042 1630 2027 3759 1979 4938 4870 3423 4482 4727 4922 4806 3952 4984 2750 3788 3110 3965 4566 2544 4666 2359 4669 3515 624 948 4842 4359 2313 4843 4279 4671 4839 4411 2952 3848 4006 4119 2097 4696 2293 1771 4574 4711 4900 3220 4911 4639 2929 3342 2397 2010 4235 3144 2906 1744 4941 3269 4586 3892 2776 4251 4467 4870 4834 4261 1123 4779
4684 4830 3008 4808 3742 4562 2920 2000 4157 4761 4482 4074 2164 4090 2327 1900 1118 3175 1213 4244 4968 1729 4937 3575 4996 4384 229 4409 3651 3548 3098 4974 4786 3849 3604 4011 2883 4151 2029 4332 4015 1167 2139 4925 1740 4843 4950 4828 4971 4454 3005 3759 439 4135 4444 4279 3968 4924 4982 2978 1831 3808 2095 2159 4991 3239 1350 2915 4991 2201 2052 2946 3290 3150 4217 4156 4479 1975 3756 3801 4536 4131 4555 4251 4228 3548 2914 4921 4455 4738 4661 4746 2140
4838 4169 3098 4743 1882 4236 4742 4360 4778 4494 1750 4676 1910 4522 3656 4292 4342 2541 4650 4169 4638 4955 1886 4288 2673 3293 4532 4951 4531 4960 2744 4709 2707 4501 2276 3503 4509 3845 4572 3378 4043 4457 4038 4065 1553 4997 2394 3909 4285 3018 4262 2502 4039 3979 4252 3121 1831 4978 4482 4973 3741 4491 2503 1686 3640 2949 4702 4423 2435 4724 2906 2105 758 2120 4185 1866 4914 2629 4744 4530 4376 4311 4352 1077 3769 1961 4366 2826 4595 4569 4887 3897 3977
4149 4975 4442 4522 4815 4376 4434 3750 4734 3947 3833 3880 4214 3886 2889 2110 4477 3048 4950 2987 4669 4924 4999 4601 2618 3913 4818 4971 2776 4568 4612 396 4947 3286 4466 2998 4281 2503 3463 4674 4115 4850 4565 4544 4025 3973 4340 4452 4185 2796 2041 3849 4995 3444 1651 4486 4902 4919 4057 3053 2723 1780 4830 4661 3490 1002 4992 3709 4688 2609 4389 3535 3043 3726 4101 3662 3879 2853 4421 2974 3413 4494 4960 2782 4335 2759 3612 4791 3294 450 4994 4914 3792
4604 3989 3502 4248 3835 2473 4967 1195 821 3883 3429 1097 4968 4405 3915 4077 4600 4480 2215 2607 4138 960 2308 2384 2312 4524 4468 4677 3564 3821 2432 2445 3663 4079 1395 1818 1731 3357 4224 3564 4425 4910 4983 2986 4160 2566 163 4962 753 4130 2675 4968 2207 4960 1133 2715 4739 3428 1879 2940 2213 4874 4654 4239 3077 1971 4966 4322 4871 2032 4975 4584 4893 4848 2894 4283 2315 2994 4715 3632 3850 3941 1971 4095 4655 3068 1750 2973 4224 3994 4598 4985 4906
4566 4741 1590 2425 4916 1579 4698 4136 1066 4585 4568 3122 4248 4844 2873 4967 2904 4540 3351 1611 3439 4606 368 1428 4549 3381 4922 4756 2482 1922 4002 4731 4211 4336 4963 3297 2022 4073 4642 4590 4815 2684 3800 2150 2507 3875 3056 3984 3109 4768 2022 4924 747 3950 4924 4115 4122 4192 4434 4400 4414 4161 3841 4279 3342 3039 2570 3372 2871 3953 4942 1236 4995 3369 1705 2173 1753 3297 4642 1647 1158 2805 3814 4832 452 2559 4931 4390 4593 3323 4670 4784 2616
3448 3291 4317 4944 4738 1692 4098 3586 4956 2645 3108 4216 4361 2607 4582 3583 3842 4827 3970 2376 3161 4678 4806 3938 3963 1362 4975 2691 4991 3657 3156 4881 4454 4876 4801 4025 3833 4942 1574 1443 3487 4193 3715 4289 2135 4407 4149 4327 4138 3225 4103 2505 4917 4103 4560 4825 4410 2852 4723 4844 3352 263 4054 2719 4022 3620 4997 2552 4170 1969 2564 3194 4578 3729 4640 3861 4583 1556 1176 4251 4293 4957 2472 4953 4661 3332 4004 3318 1101 4314 2877 4654 236
4923 4010 2996 3183 4111 4779 4403 4009 4923 2957 4129 4817 3829 3613 3812 3817 4923 445 4923 3058 4376 1331 4833 4334 3908 4273 3898 4516 1291 2863 4059 4792 3585 4266 4873 4536 4832 4888 4326 4225 3327 4379 4374 3402 4981 1114 3580 3535 4132 3372 4165 4712 3205 4793 124 3846 1965 4121 2714 3751 4803 3902 4700 4485 4203 3416 2293 4275 4969 4653 1099 3716 3563 4246 4969 1221 2624 4825 4621 3532 4933 3960 2416 4943 4415 1460 4582 4924 3220 4922 4901 4737 3191
3245 3785 2514 4444 4146 2658 1030 4304 4853 3689 2560 1900 2714 2936 4355 4378 4976 4151 2088 4694 4574 4563 3269 3396 4789 4759 4870 4983 1874 4380 921 2988 4952 4809 4177 3616 4352 3543 4930 4566 4838 3116 4904 4751 4324 4275 1859 4442 2395 2349 899 3747 4957 3815 4747 3030 4443 4301 2705 3049 4948 4747 3603 1592 4632 4871 2339 4852 3012 666 4595 3882 4006 1705 4782 2603 4534 4562 4677 2998 2240 3385 2267 3053 4603 1657 3355 4772 1935 4209 4067 4151 3450
3279 4432 1994 4651 4856 4544 2483 3746 2569 4822 1520 4936 1553 3820 2821 3829 4548 2429 4966 1800 3761 2025 4780 4906 1621 4991 4245 4793 4743 2222 4838 3903 4797 4927 4790 4940 2166 4985 3739 4252 3288 4616 4286 1871 3806 3198 2470 1354 4731 4762 3312 4475 4117 4084 4333 3216 4457 1545 2925 4804 4873 4775 1531 4467 4750 4830 3268 1183 643 4960 4790 2804 3045 4994 4996 4554 4071 4673 4965 4969 4039 4069 873 3266 4050 2678 4774 3898 2472 1659 4395 1918 4655
